Category:,Congress,Bill Type,Bill Number,Vote Position
passage,103,hres,226.0,Yea
passage,103,hres,132.0,Yea
passage-suspension,103,hr,1109.0,Yea
passage-suspension,103,hr,2684.0,Not Voting
passage-suspension,103,hres,188.0,Yea
passage,103,hr,1845.0,Yea
passage-suspension,103,hr,904.0,Yea
passage-suspension,103,hr,890.0,Yea
passage,103,hr,1335.0,Yea
passage-suspension,103,s,326.0,Yea
passage-suspension,103,sconres,50.0,Yea
passage,103,hr,1025.0,Yea
passage,103,hres,319.0,Yea
passage,103,hjres,283.0,Yea
passage,103,hres,163.0,Yea
passage-suspension,103,hr,20.0,Yea
passage,103,hr,2264.0,Yea
passage-suspension,103,hr,868.0,Yea
passage-suspension,103,hr,2202.0,Yea
passage-suspension,103,s,328.0,Yea
passage,103,hres,316.0,Yea
passage,103,hr,2401.0,Yea
passage,103,hres,71.0,Yea
passage-suspension,103,hr,3548.0,Yea
passage,103,hr,2518.0,Yea
passage,103,hres,263.0,Yea
passage,103,hr,2295.0,Nay
passage,103,hr,1876.0,Nay
passage,103,hres,246.0,Yea
passage,103,hr,2750.0,Not Voting
passage,103,hr,2295.0,Nay
passage,103,hres,134.0,Nay
passage,103,hres,322.0,Yea
passage,103,hr,2739.0,Yea
passage,103,hres,254.0,Yea
passage,103,hr,2333.0,Yea
passage,103,hres,240.0,Yea
passage,103,hres,320.0,Nay
passage,103,hr,2491.0,Yea
passage,103,hres,142.0,Yea
passage-suspension,103,hr,3350.0,Not Voting
passage,103,hconres,39.0,Yea
passage,103,hr,2518.0,Yea
passage,103,hres,313.0,Yea
passage-suspension,103,s,662.0,Yea
passage-suspension,103,hr,829.0,Yea
passage,103,hres,216.0,Yea
passage-suspension,103,hr,2440.0,Yea
passage,103,hr,4.0,Yea
passage,103,hres,279.0,Yea
passage,103,hres,206.0,Yea
passage-suspension,103,hr,38.0,Yea
passage,103,hr,2491.0,Yea
passage-suspension,103,hr,588.0,Yea
passage-suspension,103,hr,2668.0,Yea
passage,103,hr,322.0,Yea
passage,103,hr,2118.0,Yea
passage,103,hres,293.0,Yea
passage,103,hres,314.0,Yea
passage-suspension,103,hr,3351.0,Not Voting
passage-suspension,103,hr,2535.0,Yea
passage,103,hres,183.0,Yea
passage,103,hres,172.0,Yea
passage-suspension,103,hr,328.0,Yea
passage,103,hr,1964.0,Yea
passage,103,s,1.0,Yea
passage-suspension,103,hr,1133.0,Yea
passage,103,hres,58.0,Yea
passage-suspension,103,hr,2457.0,Yea
passage,103,hres,298.0,Yea
passage,103,hres,273.0,Yea
passage-suspension,103,hr,965.0,Yea
passage,103,hr,2330.0,Nay
passage,103,hr,2492.0,Yea
passage-suspension,103,hr,1757.0,Yea
passage,103,hres,283.0,Yea
passage-suspension,103,hr,617.0,Yea
passage,103,hres,59.0,Yea
passage,103,hr,1430.0,Yea
passage,103,hres,302.0,Yea
passage-suspension,103,hr,3098.0,Yea
passage-suspension,103,hr,707.0,Yea
passage,103,hres,287.0,Yea
passage,103,hr,920.0,Yea
passage,103,hr,2351.0,Yea
passage,103,hr,2244.0,Yea
passage-suspension,103,hr,873.0,Yea
passage,103,hr,2403.0,Yea
passage,103,hres,268.0,Nay
passage-suspension,103,hr,2201.0,Not Voting
passage,103,hres,252.0,Yea
passage,103,hres,208.0,Not Voting
passage-suspension,103,hr,2202.0,Not Voting
passage,103,hres,197.0,Yea
passage,103,hres,262.0,Yea
passage,103,hres,195.0,Yea
passage,103,hres,5.0,Not Voting
passage,103,hr,2010.0,Yea
passage,103,hr,2446.0,Yea
passage,103,hr,20.0,Yea
passage,103,hr,3.0,Yea
passage,103,hres,250.0,Yea
passage,103,hjres,267.0,Yea
passage,103,hr,808.0,Yea
passage,103,hres,241.0,Yea
passage,103,hres,200.0,Yea
passage,103,hr,1159.0,Not Voting
passage,103,hr,20.0,Yea
passage,103,hr,2667.0,Yea
passage,103,hr,1335.0,Yea
passage,103,hr,2445.0,Yea
passage-suspension,103,hr,490.0,Yea
passage,103,hr,820.0,Present
passage,103,hr,2519.0,Yea
passage-suspension,103,hconres,34.0,Yea
passage,103,hconres,64.0,Yea
passage-suspension,103,hr,3354.0,Not Voting
passage-suspension,103,hr,239.0,Yea
passage-suspension,103,hr,175.0,Yea
passage-suspension,103,s,252.0,Yea
passage,103,hres,103.0,Yea
passage,103,hr,873.0,Yea
passage,103,hres,138.0,Yea
passage,103,hjres,208.0,Nay
passage,103,hres,149.0,Nay
passage,103,hr,2492.0,Yea
passage-suspension,103,s,164.0,Yea
passage,103,hres,311.0,Nay
passage,103,hres,215.0,Yea
passage,103,hres,145.0,Yea
passage-suspension,103,hr,3353.0,Not Voting
passage-suspension,103,hres,118.0,Yea
passage-suspension,103,hr,750.0,Yea
passage,103,hr,518.0,Yea
passage-suspension,103,hr,4067.0,Yea
passage,103,hres,568.0,Yea
passage-suspension,103,hr,4158.0,Yea
passage,103,hr,1804.0,Yea
passage,103,hr,4277.0,Yea
passage,103,hres,352.0,Not Voting
passage-suspension,103,hr,3498.0,Yea
passage,103,hres,397.0,Yea
passage,103,hres,512.0,Yea
passage-suspension,103,hr,4448.0,Yea
passage,103,hres,416.0,Yea
passage,103,hr,5110.0,Nay
passage,103,hres,388.0,Yea
passage,103,hres,500.0,Yea
passage,103,hr,3759.0,Nay
passage-suspension,103,hr,2843.0,Yea
passage,103,hres,343.0,Yea
passage-suspension,103,hr,8.0,Yea
passage,103,hr,4624.0,Not Voting
passage,103,hr,4801.0,Yea
passage,103,hr,5044.0,Yea
passage-suspension,103,hr,967.0,Nay
passage-suspension,103,s,1919.0,Yea
passage-suspension,103,hr,5139.0,Yea
passage,103,hr,4779.0,Nay
passage-suspension,103,hr,4476.0,Yea
passage-suspension,103,hr,4533.0,Nay
passage-suspension,103,hr,5044.0,Yea
passage-suspension,103,s,1225.0,Yea
passage,103,hres,312.0,Yea
passage-suspension,103,s,986.0,Yea
passage,103,hr,4278.0,Yea
passage,103,hres,565.0,Yea
passage,103,hr,4606.0,Yea
passage,103,hres,564.0,Nay
passage,103,hres,570.0,Yea
passage-suspension,103,hr,2129.0,Yea
passage,103,hres,441.0,Yea
passage,103,s,2182.0,Yea
passage,103,hres,537.0,Yea
passage,103,hr,3221.0,Yea
passage,103,s,1066.0,Yea
passage-suspension,103,hr,4277.0,Yea
passage,103,s,2000.0,Yea
passage-suspension,103,hconres,222.0,Yea
passage-suspension,103,hr,3191.0,Yea
passage,103,hres,331.0,Yea
passage,103,hres,422.0,Yea
passage,103,s,1357.0,Yea
passage,103,hres,384.0,Yea
passage,103,hres,429.0,Yea
passage,103,hjres,373.0,Nay
passage,103,hr,3474.0,Yea
passage,103,hres,401.0,Yea
passage,103,hr,4299.0,Yea
passage,103,hr,3345.0,Yea
passage,103,hres,579.0,Yea
passage,103,hconres,218.0,Yea
passage-suspension,103,hr,4867.0,Yea
passage-suspension,103,hr,4034.0,Yea
passage-suspension,103,hres,476.0,Yea
passage,103,hres,417.0,Yea
passage-suspension,103,hres,394.0,Yea
passage,103,hres,474.0,Yea
passage-suspension,103,s,2004.0,Yea
passage,103,hr,4822.0,Yea
passage,103,hr,4296.0,Yea
passage-suspension,103,hr,4278.0,Yea
passage,103,s,208.0,Yea
passage-suspension,103,hr,2947.0,Yea
passage,103,hr,4453.0,Yea
passage,103,s,1569.0,Yea
passage,103,hres,395.0,Yea
passage,103,hres,418.0,Yea
passage,103,hres,550.0,Yea
passage-suspension,103,hr,1520.0,Yea
passage-suspension,103,hr,4533.0,Nay
passage,103,hres,447.0,Yea
passage-suspension,103,hconres,279.0,Yea
passage,103,hres,526.0,Yea
passage,103,s,1587.0,Yea
passage,103,hres,461.0,Yea
passage,103,hres,450.0,Yea
passage,103,hr,4539.0,Yea
passage-suspension,103,hconres,286.0,Yea
passage,103,hres,444.0,Yea
passage,103,hr,4650.0,Yea
passage,103,hres,563.0,Nay
passage-suspension,103,hr,5108.0,Yea
passage-suspension,103,hr,4308.0,Not Voting
passage-suspension,103,hconres,290.0,Yea
passage,103,hr,4602.0,Yea
passage,103,hr,4603.0,Yea
passage,103,hr,4422.0,Yea
passage,103,hr,4568.0,Yea
passage,103,hres,536.0,Yea
passage-suspension,103,hr,3626.0,Yea
passage,103,hres,439.0,Yea
passage,103,hres,443.0,Yea
passage-suspension,103,s,1919.0,Yea
passage,103,hr,4506.0,Yea
passage,103,hres,523.0,Yea
passage,103,s,24.0,Yea
passage-suspension,103,hr,3636.0,Yea
passage-suspension,103,s,1225.0,Yea
passage,103,hres,556.0,Yea
passage-suspension,103,hr,3770.0,Yea
passage-suspension,103,hr,3693.0,Yea
passage-suspension,103,hr,4545.0,Not Voting
passage,103,hr,4624.0,Yea
passage-suspension,103,sconres,31.0,Yea
passage-suspension,103,s,1654.0,Yea
passage-suspension,103,hres,329.0,Yea
passage,103,hjres,103.0,Nay
passage-suspension,103,hr,4066.0,Yea
passage,103,hr,4426.0,Yea
passage,103,hr,4506.0,Yea
passage-suspension,103,hr,3813.0,Yea
passage,103,hr,2884.0,Yea
passage,103,hres,375.0,Yea
passage,103,hr,4650.0,Yea
passage,104,hres,156.0,Nay
passage,104,hr,117.0,Not Voting
passage-suspension,104,s,1322.0,Not Voting
passage,104,hr,889.0,Nay
passage,104,sconres,31.0,Yea
passage,104,hr,1833.0,Nay
passage-suspension,104,hconres,53.0,Yea
passage,104,hres,38.0,Nay
passage-suspension,104,hjres,111.0,Yea
passage,104,hr,2058.0,Yea
passage,104,hr,9.0,Nay
passage,104,hr,925.0,Nay
passage,104,hr,2002.0,Yea
passage,104,hr,1976.0,Nay
passage-suspension,104,hjres,110.0,Yea
passage,104,hres,135.0,Yea
passage-suspension,104,hjres,112.0,Yea
passage,104,hres,252.0,Nay
passage-suspension,104,s,2.0,Yea
passage-suspension,104,hconres,117.0,Not Voting
passage,104,hr,1854.0,Nay
veto-override,104,hr,1058.0,Nay
passage-suspension,104,hr,1240.0,Yea
passage-suspension,104,hr,2677.0,Not Voting
passage,104,hres,125.0,Yea
passage,104,hr,2076.0,Nay
passage,104,hr,2491.0,Nay
passage,104,hres,5.0,Nay
passage,104,hjres,102.0,Nay
passage,104,hr,2525.0,Yea
passage-suspension,104,hr,2418.0,Not Voting
passage,104,hres,296.0,Not Voting
passage,104,hr,2519.0,Yea
passage,104,hr,2274.0,Yea
passage,104,hres,273.0,Nay
passage,104,hr,2126.0,Nay
passage,104,hr,1670.0,Not Voting
passage-suspension,104,hr,1804.0,Nay
passage,104,hres,222.0,Yea
passage,104,hr,1905.0,Yea
passage,104,hres,107.0,Yea
passage,104,hres,290.0,Nay
passage,104,hr,483.0,Nay
passage-suspension,104,hr,694.0,Yea
passage,104,hres,270.0,Nay
passage,104,hconres,67.0,Nay
passage,104,hr,1977.0,Not Voting
passage,104,hres,205.0,Yea
passage,104,hr,889.0,Nay
passage,104,hr,1530.0,Nay
passage,104,s,21.0,Yea
passage,104,hr,2621.0,Present
passage,104,hres,130.0,Nay
passage-suspension,104,hr,531.0,Yea
passage,104,hr,1058.0,Nay
passage-suspension,104,hr,2150.0,Yea
passage,104,hres,105.0,Nay
passage,104,hr,2126.0,Nay
passage-suspension,104,hr,402.0,Yea
passage,104,hres,179.0,Nay
passage-suspension,104,hr,2684.0,Yea
passage,104,s,244.0,Yea
passage,104,s,1.0,Nay
passage,104,hres,307.0,Not Voting
passage,104,hres,119.0,Nay
passage,104,hr,1854.0,Nay
passage,104,hres,301.0,Not Voting
passage,104,hr,2099.0,Nay
passage,104,hr,660.0,Yea
passage,104,hres,304.0,Not Voting
passage,104,s,395.0,Nay
passage,104,hres,140.0,Yea
passage,104,hr,2076.0,Nay
passage,104,hr,2491.0,Nay
passage,104,hres,192.0,Yea
passage,104,hconres,67.0,Nay
passage-suspension,104,hres,247.0,Nay
passage,104,hr,2002.0,Nay
passage-suspension,104,hr,657.0,Yea
passage,104,hres,257.0,Nay
passage,104,hr,39.0,Yea
passage-suspension,104,hr,2353.0,Yea
passage,104,hr,1977.0,Nay
passage,104,hres,88.0,Nay
passage,104,hr,1361.0,Yea
passage,104,hr,1868.0,Nay
passage,104,hr,2546.0,Nay
passage,104,hr,2020.0,Yea
passage,104,hr,1976.0,Nay
passage,104,hres,93.0,Nay
passage,104,hconres,17.0,Yea
passage,104,hr,2020.0,Nay
passage,104,hr,830.0,Present
passage,104,hres,267.0,Nay
passage,104,hres,83.0,Nay
passage-suspension,104,hjres,69.0,Yea
passage,104,hr,70.0,Not Voting
passage,104,hres,253.0,Nay
passage,104,hr,961.0,Nay
passage,104,hr,1.0,Yea
passage-suspension,104,hr,1590.0,Nay
passage,104,hres,251.0,Nay
passage,104,hr,2126.0,Nay
passage,104,hres,92.0,Nay
passage,104,hr,2425.0,Nay
passage,104,hr,400.0,Yea
passage,104,hres,183.0,Nay
passage,104,hr,1868.0,Yea
passage,104,hr,2491.0,Nay
passage,104,hres,225.0,Nay
passage,104,hres,224.0,Yea
passage-suspension,104,hjres,123.0,Yea
passage,104,hres,226.0,Nay
passage,104,hr,2127.0,Nay
passage,104,hjres,134.0,Yea
passage,104,hr,1271.0,Not Voting
passage,104,hres,291.0,Nay
passage,104,hres,208.0,Nay
passage-suspension,104,hr,716.0,Yea
passage-suspension,104,hr,2243.0,Not Voting
passage,104,hr,1817.0,Nay
passage,104,hr,2564.0,Yea
passage,104,hres,272.0,Nay
passage-suspension,104,hres,120.0,Yea
passage,104,hr,2099.0,Nay
passage,104,hres,207.0,Nay
passage,104,hres,322.0,Yea
passage,104,hres,302.0,Not Voting
passage-suspension,104,hjres,132.0,Nay
passage,104,hr,1817.0,Nay
passage-suspension,104,hr,260.0,Nay
passage,104,hr,1788.0,Yea
passage,104,hres,232.0,Nay
passage-suspension,104,hr,965.0,Yea
passage,104,hr,1944.0,Nay
passage-suspension,104,hr,562.0,Yea
passage-suspension,104,hr,558.0,Nay
passage,104,hres,271.0,Nay
passage,104,hres,306.0,Yea
passage,104,hr,1158.0,Nay
passage,104,hr,2770.0,Not Voting
passage,104,hconres,122.0,Nay
passage,104,hres,297.0,Not Voting
passage-suspension,104,hr,517.0,Yea
passage-suspension,104,hr,536.0,Yea
passage-suspension,104,hr,1296.0,Yea
passage,104,hres,175.0,Nay
passage-suspension,104,hr,869.0,Yea
passage-suspension,104,hr,1091.0,Yea
passage,104,hres,219.0,Yea
passage,104,hres,101.0,Nay
passage,104,hr,2405.0,Nay
passage,104,hr,665.0,Yea
passage,104,hr,926.0,Yea
passage,104,hr,1158.0,Nay
passage,104,hr,2586.0,Nay
passage,104,hr,668.0,Yea
passage,104,hr,2492.0,Nay
passage,104,hres,258.0,Nay
passage,104,hres,201.0,Nay
passage,104,hconres,109.0,Not Voting
passage,104,hres,96.0,Nay
passage,104,hres,155.0,Nay
passage,104,hres,261.0,Nay
passage,104,hres,256.0,Yea
passage,104,hres,262.0,Nay
passage,104,hr,1905.0,Nay
passage,104,hconres,203.0,Nay
veto-override,104,hr,956.0,Nay
passage-suspension,104,hr,2778.0,Yea
passage,104,hr,3845.0,Yea
passage-suspension,104,hr,1823.0,Yea
passage,104,hres,342.0,Nay
passage-suspension,104,hr,3267.0,Yea
passage,104,hr,1675.0,Nay
passage,104,hres,417.0,Nay
passage,104,hr,3816.0,Yea
passage,104,hr,2854.0,Nay
passage,104,hr,3517.0,Yea
passage,104,hr,3103.0,Yea
passage,104,hres,488.0,Nay
passage,104,hr,3448.0,Nay
passage,104,hr,2715.0,Yea
passage-suspension,104,hres,349.0,Nay
passage-suspension,104,hr,3008.0,Yea
passage,104,hr,3845.0,Yea
passage,104,hr,3103.0,Nay
passage,104,s,1124.0,Nay
passage-suspension,104,hr,3863.0,Yea
passage-suspension,104,hr,3803.0,Yea
passage-suspension,104,hr,3525.0,Yea
passage,104,hr,3666.0,Yea
passage,104,hr,3675.0,Yea
passage-suspension,104,hr,3060.0,Yea
passage-suspension,104,hr,3400.0,Yea
veto-override,104,hr,1977.0,Nay
passage-suspension,104,hr,4011.0,Yea
passage-suspension,104,hr,3841.0,Nay
passage-suspension,104,hr,3452.0,Yea
passage,104,hres,461.0,Nay
passage-suspension,104,hr,3923.0,Yea
passage,104,hr,3666.0,Nay
passage-suspension,104,hr,3005.0,Yea
passage-suspension,104,hr,3723.0,Yea
passage,104,hr,3610.0,Nay
passage,104,hres,540.0,Nay
passage-suspension,104,hr,3752.0,Nay
passage-suspension,104,hr,3364.0,Yea
veto-override,104,hr,1530.0,Nay
passage-suspension,104,hr,1332.0,Yea
passage,104,hconres,178.0,Nay
passage,104,hr,4134.0,Nay
passage-suspension,104,hr,3852.0,Nay
passage-suspension,104,hr,447.0,Yea
passage,104,hr,3754.0,Yea
passage,104,hr,3308.0,Nay
passage,104,hr,3517.0,Yea
passage-suspension,104,s,1505.0,Nay
passage-suspension,104,hr,4137.0,Yea
passage,104,hr,3396.0,Nay
passage,104,hres,406.0,Yea
passage,104,hres,482.0,Nay
passage,104,hconres,178.0,Nay
passage-suspension,104,hr,2937.0,Yea
passage,104,hres,375.0,Nay
passage,104,hr,3603.0,Yea
passage,104,hr,2641.0,Yea
passage-suspension,104,hconres,149.0,Yea
passage-suspension,104,hconres,167.0,Yea
passage,104,hres,389.0,Nay
passage,104,hr,1833.0,Nay
passage,104,hres,380.0,Nay
passage,104,hres,499.0,Nay
passage-suspension,104,hres,379.0,Yea
passage-suspension,104,hr,2137.0,Yea
passage,104,hr,1561.0,Nay
passage,104,hr,3415.0,Nay
passage,104,hr,3754.0,Yea
passage-suspension,104,hr,2657.0,Yea
passage-suspension,104,hr,3536.0,Yea
passage,104,hres,474.0,Nay
passage-suspension,104,hr,3564.0,Yea
passage,104,hr,3019.0,Yea
passage,104,hr,3448.0,Yea
passage,104,hres,430.0,Nay
passage,104,hres,481.0,Nay
passage,104,hr,3820.0,Nay
passage,104,hr,927.0,Nay
passage-suspension,104,hr,1627.0,Yea
passage,104,hres,353.0,Nay
passage,104,hr,2546.0,Nay
passage-suspension,104,hr,3159.0,Yea
passage,104,hres,338.0,Not Voting
passage,104,hres,370.0,Nay
passage,104,hr,3230.0,Nay
passage,104,hr,3021.0,Yea
passage,104,hr,3814.0,Nay
passage,104,s,1316.0,Nay
passage-suspension,104,hr,4000.0,Yea
passage,104,hres,330.0,Nay
passage-suspension,104,hr,4073.0,Nay
passage-suspension,104,hconres,145.0,Yea
passage-suspension,104,hr,3802.0,Yea
passage,104,hr,3816.0,Yea
passage,104,hres,525.0,Nay
veto-override,104,hr,1833.0,Nay
passage,104,hr,3540.0,Nay
passage-suspension,104,hconres,189.0,Yea
passage,104,hr,3539.0,Nay
passage,104,hres,446.0,Nay
passage-suspension,104,s,39.0,Nay
passage,104,hr,3562.0,Nay
passage,104,hr,1643.0,Yea
passage,104,hres,465.0,Nay
passage-suspension,104,hr,3759.0,Nay
passage-suspension,104,hjres,191.0,Yea
passage-suspension,104,hr,2092.0,Yea
passage,104,hres,528.0,Nay
passage,104,hr,3675.0,Yea
passage-suspension,104,hr,3497.0,Yea
passage-suspension,104,hr,3107.0,Yea
passage,104,hr,3719.0,Yea
passage,104,hr,3662.0,Nay
passage,104,hr,3610.0,Yea
passage-suspension,104,hr,3163.0,Nay
passage,104,hres,450.0,Nay
passage,104,hres,456.0,Nay
passage,104,hres,508.0,Nay
passage-suspension,104,hres,535.0,Yea
passage-suspension,104,hconres,193.0,Yea
passage-suspension,104,hres,470.0,Yea
passage-suspension,104,hr,3456.0,Yea
passage,104,hr,3603.0,Nay
passage-suspension,104,hr,4236.0,Yea
passage,104,hres,440.0,Nay
passage,104,hr,2391.0,Nay
passage,104,hres,419.0,Yea
passage,104,s,641.0,Yea
passage,104,hr,3019.0,Nay
passage,104,hr,3734.0,Nay
passage,104,hr,2924.0,Yea
passage-suspension,104,hres,316.0,Yea
passage-suspension,104,hr,1965.0,Yea
passage,104,hr,3756.0,Nay
passage,104,hjres,175.0,Nay
passage,104,hres,388.0,Nay
passage,104,hjres,163.0,Nay
passage-suspension,104,hconres,102.0,Yea
passage,104,hres,495.0,Nay
passage,104,hr,2149.0,Nay
passage-suspension,104,hr,3118.0,Yea
passage-suspension,104,hr,3161.0,Yea
passage,104,hjres,159.0,Nay
passage,104,hr,956.0,Nay
passage,104,s,735.0,Nay
passage-suspension,104,hr,2337.0,Yea
passage,104,hr,3755.0,Nay
passage-suspension,105,hr,1003.0,Yea
passage-suspension,105,hconres,61.0,Yea
passage,105,hres,160.0,Nay
passage,105,hr,2014.0,Nay
passage-suspension,105,hr,28.0,Not Voting
passage-suspension,105,hr,1484.0,Yea
passage,105,hres,89.0,Nay
passage-suspension,105,s,910.0,Yea
passage-suspension,105,hr,956.0,Yea
passage,105,hres,264.0,Yea
passage,105,hr,1385.0,Yea
passage,105,hres,142.0,Yea
passage,105,hr,2209.0,Nay
passage,105,hres,143.0,Nay
passage,105,hr,1469.0,Nay
passage-suspension,105,hr,497.0,Yea
passage,105,hjres,2.0,Nay
passage,105,hres,283.0,Nay
passage,105,hres,90.0,Nay
passage,105,hr,2016.0,Yea
passage,105,hres,95.0,Nay
passage,105,hconres,87.0,Not Voting
passage,105,hr,2107.0,Nay
passage-suspension,105,hr,1000.0,Not Voting
passage,105,hres,263.0,Yea
passage,105,hconres,136.0,Yea
passage-suspension,105,hres,139.0,Nay
passage-suspension,105,hr,607.0,Yea
passage,105,hr,1122.0,Nay
passage,105,hr,2169.0,Yea
passage,105,hr,2570.0,Yea
passage-suspension,105,hr,668.0,Yea
passage-suspension,105,hconres,17.0,Yea
passage,105,hr,849.0,Yea
passage-suspension,105,hconres,22.0,Nay
passage-suspension,105,hr,1658.0,Yea
passage,105,hr,2647.0,Yea
passage-suspension,105,hr,2027.0,Yea
passage,105,hr,2267.0,Nay
passage-suspension,105,hr,1476.0,Nay
passage,105,hr,2264.0,Yea
passage-suspension,105,hr,748.0,Yea
passage,105,hr,2343.0,Yea
passage-suspension,105,hr,1129.0,Yea
passage-suspension,105,sjres,29.0,Yea
passage,105,hr,2232.0,Nay
passage-suspension,105,hr,1262.0,Nay
passage,105,hr,2266.0,Yea
passage,105,hr,2378.0,Nay
passage-suspension,105,hr,2007.0,Nay
passage,105,hres,254.0,Yea
passage,105,hr,2386.0,Nay
passage,105,hres,314.0,Nay
passage,105,hr,2264.0,Yea
passage-suspension,105,hres,191.0,Yea
passage-suspension,105,hconres,137.0,Yea
passage,105,hr,1370.0,Yea
passage-suspension,105,hconres,102.0,Nay
passage,105,hjres,94.0,Yea
passage,105,hr,1127.0,Nay
passage,105,hr,437.0,Yea
passage,105,hr,2203.0,Yea
passage-suspension,105,hr,985.0,Yea
passage,105,hres,174.0,Nay
passage,105,hres,179.0,Yea
passage,105,hres,330.0,Nay
passage,105,hr,2378.0,Yea
passage,105,hr,2159.0,Yea
passage,105,sconres,68.0,Nay
passage,105,s,858.0,Nay
passage,105,hr,2209.0,Yea
passage-suspension,105,hr,5.0,Yea
passage-suspension,105,hr,1479.0,Yea
passage-suspension,105,hr,513.0,Yea
passage,105,hr,2203.0,Yea
passage,105,hres,302.0,Nay
passage-suspension,105,hr,1493.0,Yea
passage,105,hr,2493.0,Nay
passage,105,hres,105.0,Not Voting
passage,105,hres,274.0,Nay
passage,105,hres,152.0,Nay
passage,105,hres,276.0,Yea
passage,105,hconres,84.0,Nay
passage,105,hres,101.0,Nay
passage,105,hr,2607.0,Nay
passage-suspension,105,hr,680.0,Yea
passage,105,hres,201.0,Nay
passage-suspension,105,hr,363.0,Yea
passage,105,hr,2676.0,Yea
passage,105,hr,2160.0,Nay
passage-suspension,105,hr,2644.0,Nay
passage,105,hres,146.0,Nay
passage,105,hr,1271.0,Yea
passage-suspension,105,hconres,60.0,Yea
passage-suspension,105,hr,1342.0,Nay
passage,105,hr,2646.0,Nay
passage,105,hr,852.0,Yea
passage,105,hr,2746.0,Nay
passage,105,hjres,36.0,Yea
passage,105,hr,2266.0,Nay
passage-suspension,105,hr,624.0,Yea
passage,105,hr,2158.0,Yea
passage,105,hres,91.0,Not Voting
passage-suspension,105,hr,1226.0,Yea
passage,105,hconres,84.0,Nay
passage,105,hr,1119.0,Nay
passage-suspension,105,hr,911.0,Yea
passage,105,hres,278.0,Yea
passage,105,hjres,62.0,Nay
passage-suspension,105,hconres,75.0,Nay
passage,105,hr,581.0,Nay
passage-suspension,105,hres,93.0,Yea
passage,105,hr,967.0,Nay
passage,105,hres,188.0,Yea
passage-suspension,105,hr,1420.0,Yea
passage,105,hr,2159.0,Yea
passage,105,hr,1469.0,Nay
passage,105,hr,408.0,Nay
passage-suspension,105,hres,109.0,Yea
passage,105,hres,159.0,Nay
passage,105,hres,5.0,Nay
passage,105,hr,2267.0,Nay
passage-suspension,105,s,1161.0,Nay
passage,105,hres,244.0,Nay
passage-suspension,105,hconres,139.0,Yea
passage,105,hres,176.0,Nay
passage-suspension,105,hr,2813.0,Yea
passage,105,hr,1853.0,Yea
passage-suspension,105,hr,2631.0,Yea
passage,105,hres,311.0,Nay
passage,105,hr,2158.0,Yea
passage,105,hres,242.0,Yea
passage-suspension,105,hr,499.0,Yea
passage-suspension,105,hconres,131.0,Nay
passage,105,hres,253.0,Nay
passage,105,sconres,3.0,Nay
passage,105,hr,2107.0,Nay
passage,105,hres,319.0,Nay
passage-suspension,105,hr,2920.0,Nay
passage-suspension,105,hr,2534.0,Nay
passage,105,hres,181.0,Nay
passage,105,hr,2016.0,Yea
passage-suspension,105,hr,2035.0,Yea
passage,105,hr,1871.0,Yea
passage-suspension,105,hr,1057.0,Yea
passage,105,hres,232.0,Yea
passage,105,hr,629.0,Nay
passage,105,hr,858.0,Yea
passage-suspension,105,hres,327.0,Yea
passage-suspension,105,hr,1818.0,Yea
passage,105,hr,2160.0,Yea
passage-suspension,105,hr,1058.0,Yea
passage,105,hjres,54.0,Nay
passage-suspension,105,hr,924.0,Yea
passage-suspension,105,sconres,26.0,Yea
passage,105,hconres,133.0,Yea
passage,105,hr,2169.0,Yea
passage-suspension,105,hconres,18.0,Yea
passage-suspension,105,hres,68.0,Yea
passage-suspension,105,s,587.0,Yea
passage-suspension,105,hr,1348.0,Nay
passage,105,hr,867.0,Yea
passage,105,hres,99.0,Nay
passage,105,hres,270.0,Nay
passage,105,hres,129.0,Nay
passage,105,hres,277.0,Nay
passage-suspension,105,hr,1839.0,Nay
passage-suspension,105,hr,750.0,Yea
passage-suspension,105,hr,948.0,Yea
passage-suspension,105,hconres,16.0,Yea
passage,105,hres,284.0,Nay
passage-suspension,105,hconres,31.0,Nay
passage,105,hres,385.0,Nay
passage-suspension,105,hr,3581.0,Nay
passage-suspension,105,hr,3039.0,Yea
passage,105,hres,453.0,Nay
passage,105,hres,612.0,Yea
passage-suspension,105,hr,3963.0,Nay
passage,105,hres,383.0,Nay
passage,105,hres,604.0,Not Voting
passage,105,hr,3579.0,Nay
passage-suspension,105,hres,423.0,Yea
passage-suspension,105,hr,1428.0,Nay
passage,105,hres,509.0,Nay
passage-suspension,105,hr,3565.0,Yea
veto-override,105,hr,2631.0,Yea
passage-suspension,105,hr,217.0,Yea
passage,105,hr,2181.0,Yea
passage,105,hres,605.0,Yea
passage-suspension,105,s,419.0,Yea
passage-suspension,105,hres,557.0,Yea
passage,105,hr,2431.0,Yea
passage-suspension,105,hr,559.0,Yea
passage,105,hr,3433.0,Yea
passage-suspension,105,hres,565.0,Yea
passage,105,hr,4328.0,Yea
passage-suspension,105,hr,3809.0,Nay
passage,105,hjres,120.0,Nay
passage,105,hres,449.0,Yea
passage-suspension,105,hr,424.0,Yea
passage,105,hres,376.0,Yea
passage-suspension,105,hr,3528.0,Yea
passage-suspension,105,hr,3811.0,Yea
passage,105,hres,355.0,Yea
passage-suspension,105,hr,678.0,Yea
passage-suspension,105,hconres,254.0,Not Voting
passage,105,hr,2538.0,Nay
passage,105,hres,477.0,Nay
passage-suspension,105,s,2206.0,Not Voting
passage-suspension,105,hres,459.0,Yea
passage,105,hr,4060.0,Yea
passage,105,hres,563.0,Nay
passage-suspension,105,hr,1154.0,Yea
passage,105,hres,573.0,Nay
passage-suspension,105,hres,417.0,Yea
passage-suspension,105,hconres,304.0,Not Voting
passage,105,hres,501.0,Nay
passage-suspension,105,hr,1560.0,Yea
passage,105,hr,3267.0,Nay
passage,105,hr,2863.0,Nay
passage,105,hr,4380.0,Nay
passage-suspension,105,hconres,185.0,Not Voting
passage-suspension,105,hres,447.0,Yea
passage,105,hjres,128.0,Yea
passage,105,hr,4570.0,Nay
passage-suspension,105,hr,1635.0,Yea
passage-suspension,105,hr,4614.0,Nay
passage-suspension,105,hconres,315.0,Not Voting
passage,105,hr,4104.0,Nay
passage,105,hres,466.0,Yea
passage,105,hr,3616.0,Nay
passage,105,hres,484.0,Nay
passage,105,hr,4276.0,Nay
passage,105,hr,4059.0,Yea
passage-suspension,105,hconres,208.0,Yea
passage,105,hr,4060.0,Yea
passage-suspension,105,hr,2348.0,Yea
passage,105,hr,3494.0,Yea
passage,105,hr,4112.0,Nay
passage-suspension,105,hres,392.0,Yea
passage-suspension,105,hconres,288.0,Yea
passage-suspension,105,hjres,117.0,Not Voting
passage-suspension,105,hr,3874.0,Yea
passage,105,hr,4101.0,Yea
passage,105,hres,614.0,Nay
passage-suspension,105,hr,1689.0,Yea
passage-suspension,105,hjres,102.0,Yea
passage-suspension,105,hconres,350.0,Nay
passage-suspension,105,hconres,213.0,Yea
passage-suspension,105,hconres,152.0,Yea
passage-suspension,105,hres,422.0,Yea
passage,105,hconres,227.0,Nay
passage,105,hr,3096.0,Yea
passage,105,hres,433.0,Nay
passage,105,hres,588.0,Nay
passage-suspension,105,hconres,220.0,Yea
passage,105,hres,511.0,Nay
passage-suspension,105,hres,592.0,Yea
passage,105,hres,388.0,Yea
passage,105,hr,629.0,Nay
passage,105,hres,432.0,Nay
passage-suspension,105,hr,1151.0,Yea
passage-suspension,105,hr,3412.0,Yea
passage-suspension,105,hr,2829.0,Yea
passage-suspension,105,hres,494.0,Yea
passage,105,hr,2883.0,Nay
passage-suspension,105,hconres,235.0,Yea
passage,105,hr,4193.0,Nay
passage-suspension,105,hconres,202.0,Yea
passage-suspension,105,hconres,301.0,Yea
passage,105,hr,6.0,Yea
passage,105,hr,2460.0,Yea
passage,105,hr,4059.0,Yea
passage,105,hres,402.0,Nay
passage-suspension,105,hres,440.0,Yea
passage-suspension,105,hr,3630.0,Yea
passage,105,hres,393.0,Nay
passage-suspension,105,hr,34.0,Nay
passage-suspension,105,s,1733.0,Yea
passage,105,hr,4250.0,Nay
passage,105,hres,352.0,Nay
passage-suspension,105,hres,598.0,Yea
passage-suspension,105,s,1132.0,Nay
passage-suspension,105,hconres,206.0,Yea
passage,105,hr,4328.0,Yea
passage-suspension,105,hr,2608.0,Nay
passage,105,hres,384.0,Yea
passage-suspension,105,hr,3808.0,Yea
passage-suspension,105,hr,3582.0,Yea
passage,105,hr,4194.0,Nay
passage,105,hr,4569.0,Nay
passage,105,hr,2625.0,Nay
passage,105,hres,564.0,Nay
passage-suspension,105,hr,4655.0,Yea
passage,105,hres,462.0,Nay
passage,105,hr,4103.0,Nay
passage,105,hr,2709.0,Yea
passage,105,hres,463.0,Yea
passage,105,hres,525.0,Nay
passage,105,hr,2676.0,Not Voting
passage,105,hr,4101.0,Yea
passage,105,hr,2846.0,Nay
passage,105,hconres,284.0,Nay
passage,105,hres,542.0,Nay
passage-suspension,105,hr,3891.0,Nay
passage,105,hjres,119.0,Nay
passage,105,hres,575.0,Nay
passage,105,hr,4194.0,Nay
passage,105,hjres,107.0,Nay
passage,105,hr,4112.0,Nay
passage,105,hr,2646.0,Nay
passage-suspension,105,hr,4382.0,Not Voting
passage,105,hr,4103.0,Nay
passage,105,hres,517.0,Nay
passage-suspension,105,hr,3853.0,Yea
passage-suspension,105,hres,505.0,Not Voting
passage,105,s,1150.0,Yea
passage-suspension,105,hr,1847.0,Yea
passage,105,hres,579.0,Nay
passage-suspension,105,hres,452.0,Yea
passage,105,hr,4104.0,Nay
passage,105,hres,491.0,Nay
passage-suspension,105,s,2073.0,Not Voting
passage,105,hr,3731.0,Yea
passage,105,hres,552.0,Nay
passage-suspension,105,hr,4616.0,Yea
passage-suspension,105,hres,401.0,Yea
passage,105,hres,455.0,Nay
passage-suspension,105,hres,144.0,Not Voting
passage,105,hconres,285.0,Nay
passage-suspension,105,hr,2616.0,Yea
passage,105,hres,428.0,Yea
passage-suspension,105,hr,3494.0,Yea
passage-suspension,105,hr,3743.0,Yea
passage-suspension,105,hres,361.0,Yea
passage-suspension,105,s,1260.0,Yea
passage-suspension,105,hr,3874.0,Yea
passage,105,hres,405.0,Yea
passage,105,hres,414.0,Nay
passage,105,hr,3546.0,Yea
passage-suspension,105,sjres,54.0,Yea
passage,105,hjres,133.0,Yea
passage,105,hconres,257.0,Nay
passage-suspension,105,hr,3211.0,Yea
passage-suspension,105,s,1722.0,Yea
passage,105,hconres,311.0,Yea
passage-suspension,105,hr,4567.0,Yea
passage-suspension,105,hres,364.0,Yea
passage-suspension,105,s,852.0,Nay
passage-suspension,105,hconres,320.0,Yea
passage,105,hres,446.0,Nay
passage-suspension,105,s,1754.0,Yea
veto-override,105,hr,1122.0,Nay
passage,105,hres,413.0,Nay
passage,105,hr,2369.0,Yea
passage-suspension,105,hconres,218.0,Yea
passage-suspension,105,hres,267.0,Yea
passage,105,hr,3579.0,Nay
passage,106,hconres,290.0,Nay
passage,106,hr,4680.0,Nay
passage,106,hres,450.0,Nay
passage,106,hr,4733.0,Nay
passage,106,hres,603.0,Yea
passage,106,hjres,114.0,Nay
passage-suspension,106,hr,3313.0,Yea
passage-suspension,106,hres,278.0,Yea
passage,106,hr,1883.0,Yea
passage,106,hr,2957.0,Not Voting
passage-suspension,106,hconres,76.0,Yea
passage-suspension,106,hr,4986.0,Nay
passage,106,hjres,117.0,Yea
passage-suspension,106,s,2943.0,Yea
passage,106,hres,418.0,Yea
passage-suspension,106,s,1761.0,Yea
passage-suspension,106,hr,3642.0,Yea
passage,106,hjres,115.0,Yea
passage-suspension,106,hr,1509.0,Not Voting
passage-suspension,106,s,613.0,Yea
passage-suspension,106,hconres,300.0,Not Voting
passage,106,hr,4635.0,Yea
passage-suspension,106,hr,4365.0,Yea
passage,106,hres,546.0,Nay
passage,106,hjres,110.0,Yea
passage,106,hres,631.0,Yea
passage,106,hres,538.0,Nay
passage,106,hr,4578.0,Yea
passage,106,hres,598.0,Nay
passage,106,hres,503.0,Nay
passage-suspension,106,hr,3201.0,Yea
passage-suspension,106,s,3137.0,Yea
passage-suspension,106,hr,3557.0,Yea
passage,106,hr,5.0,Yea
passage-suspension,106,hconres,310.0,Not Voting
passage,106,hr,2418.0,Nay
passage-suspension,106,hr,4608.0,Yea
passage-suspension,106,s,2323.0,Not Voting
passage,106,hr,1827.0,Yea
passage,106,hr,4942.0,Nay
passage-suspension,106,hconres,247.0,Yea
passage-suspension,106,s,1972.0,Not Voting
passage,106,hres,559.0,Nay
passage,106,hr,4576.0,Nay
passage,106,hr,4871.0,Nay
passage,106,hr,5109.0,Yea
passage-suspension,106,hconres,244.0,Yea
passage-suspension,106,hr,3639.0,Yea
passage,106,hr,1654.0,Yea
passage,106,hr,1838.0,Yea
passage-suspension,106,s,1236.0,Yea
passage,106,s,761.0,Yea
passage,106,hr,4810.0,Nay
passage-suspension,106,hr,2634.0,Yea
passage-suspension,106,hr,4700.0,Yea
passage,106,hres,518.0,Nay
passage,106,hres,525.0,Nay
passage-suspension,106,hconres,302.0,Yea
passage,106,hres,563.0,Nay
passage-suspension,106,hr,3986.0,Nay
passage-suspension,106,hr,2498.0,Yea
passage-suspension,106,hr,764.0,Yea
passage,106,hr,4942.0,Nay
passage-suspension,106,hr,2130.0,Yea
passage,106,hres,510.0,Nay
passage-suspension,106,hconres,399.0,Yea
passage-suspension,106,hr,4884.0,Yea
passage-suspension,106,hconres,327.0,Yea
passage-suspension,106,hr,3030.0,Yea
passage-suspension,106,hr,2090.0,Not Voting
passage,106,hconres,331.0,Yea
passage,106,hjres,109.0,Yea
veto-override,106,hr,8.0,Nay
passage-suspension,106,hr,1651.0,Nay
passage,106,hjres,127.0,Yea
passage,106,hr,4578.0,Not Voting
passage-suspension,106,hr,4601.0,Yea
passage-suspension,106,hr,2919.0,Yea
passage-suspension,106,hconres,319.0,Yea
passage,106,hres,528.0,Nay
passage,106,hjres,103.0,Yea
passage-suspension,106,hjres,100.0,Yea
veto-override,106,hr,4810.0,Nay
passage-suspension,106,hr,4844.0,Yea
passage-suspension,106,hr,3535.0,Yea
passage-suspension,106,hr,4957.0,Not Voting
passage-suspension,106,hr,4292.0,Nay
passage,106,hr,4678.0,Yea
passage-suspension,106,hr,4892.0,Present
passage-suspension,106,hres,531.0,Yea
passage-suspension,106,hr,3859.0,Yea
passage,106,hjres,126.0,Yea
passage,106,hres,474.0,Nay
passage-suspension,106,hr,4541.0,Yea
passage,106,hres,433.0,Yea
passage-suspension,106,hjres,86.0,Not Voting
passage-suspension,106,hr,782.0,Yea
passage,106,hres,530.0,Nay
passage,106,hjres,120.0,Yea
passage,106,hjres,121.0,Yea
passage-suspension,106,hr,4051.0,Nay
passage,106,hjres,118.0,Yea
passage-suspension,106,hconres,228.0,Yea
passage-suspension,106,hconres,426.0,Yea
passage,106,hr,4205.0,Nay
passage-suspension,106,hconres,296.0,Nay
passage-suspension,106,hconres,288.0,Yea
passage,106,hres,441.0,Nay
passage,106,hres,545.0,Yea
passage-suspension,106,hr,1901.0,Not Voting
passage,106,hr,4461.0,Yea
passage-suspension,106,hconres,89.0,Yea
passage-suspension,106,hconres,326.0,Yea
passage,106,hres,610.0,Yea
passage,106,hr,4733.0,Yea
passage,106,hr,4425.0,Yea
passage-suspension,106,s,777.0,Yea
passage-suspension,106,hr,5375.0,Nay
passage,106,hr,4690.0,Nay
passage,106,hr,4811.0,Yea
passage-suspension,106,hr,2884.0,Yea
passage,106,hjres,90.0,Nay
passage-suspension,106,sconres,91.0,Not Voting
passage,106,hconres,290.0,Nay
passage,106,hres,634.0,Nay
passage,106,hr,3908.0,Nay
passage,106,hres,612.0,Nay
passage-suspension,106,hres,492.0,Yea
passage,106,s,2311.0,Yea
passage-suspension,106,hconres,309.0,Yea
passage-suspension,106,hr,4055.0,Not Voting
passage,106,hres,446.0,Nay
passage-suspension,106,hres,182.0,Yea
veto-override,106,hr,4733.0,Nay
passage-suspension,106,hr,3577.0,Yea
passage,106,hr,4635.0,Nay
passage,106,s,2796.0,Yea
passage,106,hr,2614.0,Nay
passage,106,hr,3660.0,Not Voting
passage-suspension,106,hr,2932.0,Not Voting
passage,106,hres,646.0,Nay
passage-suspension,106,s,1744.0,Not Voting
passage-suspension,106,hr,3088.0,Yea
passage-suspension,106,hr,2412.0,Yea
passage,106,hr,3843.0,Yea
passage,106,s,2796.0,Yea
passage-suspension,106,hr,3293.0,Yea
passage,106,hr,4425.0,Nay
passage-suspension,106,hr,3218.0,Yea
passage-suspension,106,hr,3701.0,Yea
passage-suspension,106,hconres,269.0,Yea
passage-suspension,106,s,2547.0,Yea
passage-suspension,106,hconres,304.0,Not Voting
passage-suspension,106,hconres,295.0,Not Voting
passage,106,hres,423.0,Nay
passage,106,hr,3671.0,Yea
passage,106,hr,6.0,Nay
passage-suspension,106,s,2594.0,Not Voting
passage,106,hres,651.0,Nay
passage,106,hjres,123.0,Not Voting
passage,106,hres,419.0,Nay
passage,106,hres,457.0,Nay
passage-suspension,106,hr,3699.0,Yea
passage-suspension,106,hconres,415.0,Yea
passage,106,hr,5.0,Yea
passage,106,hres,638.0,Yea
passage-suspension,106,hres,535.0,Yea
passage-suspension,106,hr,4386.0,Yea
passage-suspension,106,hr,4049.0,Nay
passage-suspension,106,hconres,292.0,Yea
passage,106,hr,1000.0,Yea
passage-suspension,106,hr,4147.0,Yea
passage-suspension,106,s,1402.0,Yea
passage,106,hr,4516.0,Nay
passage,106,hr,4945.0,Yea
passage-suspension,106,hres,443.0,Yea
passage,106,hr,4919.0,Yea
passage-suspension,106,hr,1451.0,Yea
passage-suspension,106,hr,5010.0,Yea
passage-suspension,106,hr,3852.0,Yea
passage,106,hres,564.0,Nay
passage-suspension,106,hr,4710.0,Yea
passage,106,hr,4118.0,Nay
passage-suspension,106,s,291.0,Yea
passage-suspension,106,hr,3176.0,Yea
passage,106,hr,4576.0,Nay
passage,106,hr,4577.0,Nay
passage,106,hjres,99.0,Nay
passage-suspension,106,hr,297.0,Yea
passage-suspension,106,hr,5203.0,Yea
passage-suspension,106,s,632.0,Yea
passage,106,hr,4475.0,Yea
passage-suspension,106,hr,3544.0,Yea
passage,106,hr,3986.0,Yea
passage,106,hr,2005.0,Nay
passage-suspension,106,hr,4435.0,Yea
passage-suspension,106,s,356.0,Yea
passage-suspension,106,hconres,372.0,Yea
passage,106,hjres,128.0,Yea
passage-suspension,106,hr,4033.0,Yea
passage-suspension,106,hr,3113.0,Yea
passage-suspension,106,hr,4484.0,Yea
passage-suspension,106,s,1374.0,Not Voting
passage-suspension,106,hr,5272.0,Yea
passage-suspension,106,hr,4241.0,Yea
passage-suspension,106,hr,4583.0,Not Voting
passage,106,hr,4811.0,Nay
passage-suspension,106,hr,4868.0,Yea
passage-suspension,106,hr,4079.0,Yea
passage,106,hr,4577.0,Yea
passage-suspension,106,hr,4806.0,Yea
passage-suspension,106,hr,3632.0,Not Voting
passage-suspension,106,hr,1248.0,Yea
passage-suspension,106,hr,4448.0,Yea
passage,106,hr,3100.0,Yea
passage,106,hr,4115.0,Yea
passage-suspension,106,s,2438.0,Nay
passage,106,hr,1106.0,Not Voting
passage,106,hr,434.0,Not Voting
passage,106,hr,2372.0,Nay
passage-suspension,106,hr,3591.0,Yea
passage,106,hres,613.0,Yea
passage-suspension,106,hconres,253.0,Yea
passage-suspension,106,hres,491.0,Yea
passage,106,hr,2328.0,Yea
passage,106,hr,4199.0,Nay
passage-suspension,106,hr,4271.0,Nay
passage,106,hr,1695.0,Yea
passage,106,hjres,119.0,Yea
passage-suspension,106,hconres,282.0,Yea
passage-suspension,106,hr,4163.0,Yea
passage-suspension,106,hr,4251.0,Yea
passage,106,hr,3822.0,Yea
passage-suspension,106,hr,4656.0,Nay
passage-suspension,106,hr,1089.0,Yea
passage,106,hr,4475.0,Nay
passage,106,hres,488.0,Not Voting
passage,106,hr,3244.0,Yea
passage,106,hr,673.0,Not Voting
passage,106,hjres,111.0,Yea
passage,106,hr,4461.0,Nay
passage-suspension,106,hres,467.0,Nay
passage,106,hjres,122.0,Yea
passage,106,hr,3615.0,Yea
passage,106,hres,529.0,Nay
passage-suspension,106,hconres,414.0,Yea
passage-suspension,106,hconres,397.0,Not Voting
passage,106,hjres,94.0,Nay
passage,106,hr,4516.0,Yea
passage,106,hr,3039.0,Yea
passage-suspension,106,hr,747.0,Yea
passage-suspension,106,hr,46.0,Yea
passage,106,sconres,35.0,Nay
passage,106,hr,2679.0,Yea
passage-suspension,106,hr,1907.0,Yea
passage-suspension,106,hr,2140.0,Yea
passage,106,hres,186.0,Nay
passage-suspension,106,hconres,102.0,Yea
passage,106,hr,987.0,Nay
passage-suspension,106,hconres,28.0,Yea
passage-suspension,106,hres,32.0,Yea
passage-suspension,106,hconres,190.0,Yea
passage-suspension,106,hconres,196.0,Yea
passage,106,hr,514.0,Yea
passage-suspension,106,s,440.0,Nay
passage-suspension,106,hres,157.0,Yea
passage-suspension,106,hconres,214.0,Nay
passage,106,hres,374.0,Nay
passage-suspension,106,hr,98.0,Yea
passage-suspension,106,hr,1714.0,Nay
passage,106,hr,409.0,Yea
passage,106,hr,437.0,Yea
passage,106,hres,173.0,Yea
passage-suspension,106,hr,3164.0,Yea
passage-suspension,106,hconres,194.0,Yea
passage-suspension,106,hr,808.0,Yea
passage,106,hr,472.0,Nay
passage-suspension,106,hr,1219.0,Yea
passage-suspension,106,hr,2886.0,Yea
passage-suspension,106,hconres,208.0,Yea
passage,106,hr,1259.0,Yea
passage,106,hr,2684.0,Yea
passage,106,hres,273.0,Nay
passage-suspension,106,hres,59.0,Yea
passage,106,sconres,7.0,Yea
passage-suspension,106,hconres,213.0,Yea
passage,106,hr,2490.0,Nay
passage-suspension,106,hres,169.0,Yea
passage,106,hconres,82.0,Nay
passage,106,hjres,75.0,Yea
passage-suspension,106,hjres,32.0,Yea
passage,106,hr,3194.0,Nay
passage,106,hr,2561.0,Nay
passage-suspension,106,hconres,88.0,Yea
passage,106,hjres,80.0,Yea
passage-suspension,106,hr,1175.0,Yea
passage-suspension,106,hconres,117.0,Yea
passage-suspension,106,hr,1431.0,Not Voting
passage,106,hr,2490.0,Yea
passage-suspension,106,hjres,65.0,Yea
passage,106,hres,5.0,Nay
passage,106,hr,1487.0,Yea
passage-suspension,106,hr,2116.0,Not Voting
passage-suspension,106,hr,468.0,Not Voting
passage,106,hres,218.0,Yea
passage-suspension,106,hconres,107.0,Yea
passage,106,hr,2606.0,Nay
passage-suspension,106,hr,1663.0,Yea
passage-suspension,106,hr,202.0,Yea
passage-suspension,106,hres,306.0,Yea
passage,106,hr,1906.0,Nay
passage,106,hr,2561.0,Nay
passage,106,hres,312.0,Yea
passage,106,hres,317.0,Nay
passage-suspension,106,hr,2130.0,Yea
passage,106,hres,308.0,Yea
passage,106,hr,775.0,Yea
passage,106,hr,2466.0,Yea
passage,106,hres,386.0,Nay
passage-suspension,106,s,800.0,Yea
passage,106,hr,2084.0,Not Voting
passage,106,hr,2506.0,Yea
passage-suspension,106,hconres,75.0,Yea
passage-suspension,106,s,293.0,Yea
passage,106,hr,2587.0,Nay
passage,106,hr,2684.0,Nay
passage,106,hres,234.0,Yea
passage,106,hres,235.0,Nay
passage-suspension,106,hconres,188.0,Yea
passage,106,hr,707.0,Yea
passage,106,hres,345.0,Nay
passage-suspension,106,hconres,158.0,Yea
passage,106,hres,166.0,Nay
passage,106,hr,833.0,Yea
passage-suspension,106,hres,344.0,Yea
passage,106,hres,367.0,Nay
passage,106,hr,3064.0,Nay
passage,106,hres,200.0,Nay
passage-suspension,106,hr,100.0,Not Voting
passage,106,hr,975.0,Yea
passage-suspension,106,hr,774.0,Yea
passage,106,hr,2670.0,Nay
passage-suspension,106,s,249.0,Yea
passage-suspension,106,hr,1180.0,Yea
passage,106,hr,1906.0,Nay
passage-suspension,106,hres,128.0,Yea
passage,106,hr,1905.0,Yea
passage,106,hr,2605.0,Yea
passage,106,hr,800.0,Nay
passage-suspension,106,hr,1887.0,Yea
passage-suspension,106,hres,121.0,Nay
passage,106,s,900.0,Yea
passage,106,hjres,73.0,Yea
passage-suspension,106,hres,165.0,Yea
passage-suspension,106,hr,1477.0,Yea
passage,106,hr,603.0,Yea
passage-suspension,106,hr,540.0,Yea
passage-suspension,106,hr,1175.0,Yea
passage-suspension,106,hr,70.0,Yea
passage,106,hr,150.0,Yea
passage,106,hr,1184.0,Yea
passage,106,hr,2465.0,Yea
passage-suspension,106,hr,1833.0,Yea
passage,106,hr,4.0,Nay
passage-suspension,106,hr,573.0,Yea
passage,106,hres,180.0,Nay
passage,106,hr,819.0,Yea
passage,106,hres,120.0,Nay
passage,106,hres,185.0,Yea
passage,106,sconres,21.0,Yea
passage-suspension,106,hconres,206.0,Yea
passage-suspension,106,hr,439.0,Yea
passage-suspension,106,hconres,121.0,Yea
passage-suspension,106,hr,435.0,Yea
passage-suspension,106,hres,325.0,Yea
passage,106,hr,1480.0,Yea
passage-suspension,106,hr,171.0,Yea
passage-suspension,106,hres,349.0,Yea
passage,106,hjres,57.0,Yea
passage-suspension,106,hr,2737.0,Yea
passage,106,hr,434.0,Nay
passage,106,hr,436.0,Yea
passage,106,hconres,68.0,Nay
passage,106,hres,130.0,Yea
passage-suspension,106,hconres,180.0,Nay
passage-suspension,106,hconres,35.0,Yea
passage-suspension,106,hr,754.0,Yea
passage-suspension,106,hres,178.0,Yea
passage,106,hr,2606.0,Yea
passage,106,hjres,58.0,Yea
passage-suspension,106,hr,435.0,Yea
passage-suspension,106,hres,135.0,Yea
passage,106,hres,260.0,Nay
passage,106,hr,438.0,Yea
passage-suspension,106,hr,348.0,Yea
passage,106,hres,250.0,Nay
passage,106,hr,1141.0,Nay
passage-suspension,106,hr,193.0,Yea
passage-suspension,106,hr,1033.0,Yea
passage,106,hres,353.0,Nay
passage-suspension,106,hconres,84.0,Yea
passage-suspension,106,hconres,165.0,Yea
passage-suspension,106,hr,440.0,Yea
passage,106,hjres,44.0,Nay
passage,106,hr,2031.0,Nay
passage-suspension,106,hr,911.0,Yea
passage-suspension,106,hr,1915.0,Yea
passage-suspension,106,hr,2303.0,Yea
passage,106,hres,281.0,Nay
passage,106,hres,330.0,Nay
passage,106,hconres,68.0,Nay
passage,106,hr,1141.0,Nay
passage,106,hr,3064.0,Nay
passage,106,hres,137.0,Nay
passage-suspension,106,hconres,140.0,Yea
passage,106,hres,10.0,Nay
passage-suspension,106,hres,322.0,Yea
passage,106,hr,2990.0,Nay
passage-suspension,106,hr,1451.0,Yea
passage-suspension,106,hr,432.0,Yea
passage,106,hr,659.0,Yea
passage,106,hr,417.0,Yea
passage,106,hr,3194.0,Yea
passage,106,hr,2465.0,Yea
passage,106,hr,99.0,Yea
passage,106,hres,209.0,Nay
passage-suspension,106,hres,181.0,Yea
passage-suspension,106,hconres,187.0,Yea
passage,106,hres,323.0,Nay
passage-suspension,106,hr,68.0,Yea
passage,106,hr,1180.0,Yea
passage,106,hres,295.0,Nay
passage-suspension,106,hconres,94.0,Nay
passage,106,hr,2084.0,Yea
passage-suspension,106,hr,2280.0,Yea
passage-suspension,106,hres,297.0,Yea
passage,106,hr,1905.0,Nay
passage-suspension,106,hr,1400.0,Yea
passage,106,hr,2605.0,Nay
passage,106,hr,1802.0,Yea
passage-suspension,106,hres,226.0,Yea
passage-suspension,106,hr,1883.0,Yea
passage,106,hr,2910.0,Yea
passage-suspension,106,hres,303.0,Yea
passage,106,hr,2436.0,Nay
passage,106,hr,1501.0,Nay
passage-suspension,106,hres,62.0,Yea
passage,106,hjres,68.0,Yea
passage-suspension,106,hres,292.0,Yea
passage,106,hres,151.0,Nay
passage-suspension,106,hconres,24.0,Yea
passage,106,hres,263.0,Nay
passage-suspension,106,hr,1251.0,Not Voting
passage,106,hres,274.0,Nay
passage,106,hr,2466.0,Nay
passage-suspension,106,hr,1554.0,Yea
passage-suspension,106,hconres,37.0,Yea
passage,106,hr,2488.0,Nay
passage,106,hjres,71.0,Yea
passage,106,hjres,37.0,Nay
passage-suspension,106,hr,609.0,Yea
passage,106,hr,1664.0,Nay
passage,106,hres,253.0,Nay
passage-suspension,106,hconres,222.0,Yea
passage-suspension,106,hr,2904.0,Yea
passage,106,hr,3073.0,Nay
passage,106,hres,159.0,Nay
passage,106,hr,3196.0,Yea
passage-suspension,106,hr,3085.0,Nay
passage,106,hr,1376.0,Yea
passage,106,hr,2587.0,Yea
passage,106,hres,338.0,Nay
passage-suspension,106,hconres,56.0,Yea
passage,106,hr,4.0,Nay
passage,106,hr,2670.0,Nay
passage,106,hres,337.0,Nay
passage-suspension,106,hr,3075.0,Yea
passage-suspension,106,hr,3257.0,Yea
passage-suspension,106,hconres,223.0,Yea
passage-suspension,106,hres,94.0,Yea
passage-suspension,106,hconres,211.0,Yea
passage-suspension,106,hr,1550.0,Yea
passage,106,hr,669.0,Yea
passage,107,hr,6.0,Nay
passage,107,hres,178.0,Nay
passage-suspension,107,hr,642.0,Yea
passage-suspension,107,hr,3275.0,Yea
passage,107,hres,319.0,Nay
passage-suspension,107,hr,428.0,Yea
passage,107,hjres,65.0,Not Voting
passage,107,hres,180.0,Yea
passage,107,hr,2586.0,Not Voting
passage-suspension,107,hr,3086.0,Yea
passage-suspension,107,hjres,42.0,Yea
passage-suspension,107,hr,1914.0,Yea
passage-suspension,107,hr,2133.0,Yea
passage-suspension,107,hr,256.0,Yea
passage,107,hr,2833.0,Yea
passage,107,hr,2563.0,Nay
passage,107,hres,131.0,Nay
passage-suspension,107,hres,28.0,Yea
passage-suspension,107,hr,1696.0,Yea
passage-suspension,107,hr,621.0,Yea
passage-suspension,107,hr,724.0,Yea
passage-suspension,107,hres,54.0,Yea
passage-suspension,107,hr,1209.0,Yea
passage-suspension,107,hr,169.0,Yea
passage,107,hr,2904.0,Yea
passage,107,hr,503.0,Nay
passage,107,hr,3529.0,Nay
passage,107,hr,2217.0,Yea
passage,107,hr,3.0,Nay
passage,107,hr,1699.0,Yea
passage-suspension,107,hres,172.0,Yea
passage,107,hres,320.0,Nay
passage,107,hres,245.0,Not Voting
passage,107,hjres,41.0,Nay
passage,107,hres,161.0,Not Voting
passage,107,hres,111.0,Yea
passage-suspension,107,hr,3054.0,Yea
passage-suspension,107,hconres,27.0,Yea
passage-suspension,107,hr,558.0,Yea
passage-suspension,107,hr,727.0,Yea
passage-suspension,107,hr,1140.0,Yea
passage-suspension,107,hr,132.0,Yea
passage,107,hres,134.0,Yea
passage-suspension,107,hr,2291.0,Yea
passage,107,hres,79.0,Nay
passage-suspension,107,hres,233.0,Yea
passage-suspension,107,hconres,39.0,Yea
passage-suspension,107,hr,2910.0,Yea
passage,107,hr,2647.0,Yea
passage,107,hres,209.0,Nay
passage,107,hr,2500.0,Yea
passage-suspension,107,hr,768.0,Yea
passage-suspension,107,hres,298.0,Yea
passage-suspension,107,hconres,228.0,Yea
passage-suspension,107,hconres,168.0,Yea
passage-suspension,107,hr,2887.0,Yea
passage-suspension,107,hr,1408.0,Yea
passage-suspension,107,hr,1954.0,Yea
passage,107,hr,2311.0,Yea
passage-suspension,107,hr,2998.0,Yea
passage-suspension,107,hconres,233.0,Yea
passage-suspension,107,hconres,174.0,Yea
passage-suspension,107,hconres,239.0,Nay
passage,107,hr,3295.0,Yea
passage-suspension,107,hconres,280.0,Yea
passage-suspension,107,hconres,232.0,Yea
passage,107,hres,311.0,Nay
passage,107,hres,183.0,Nay
passage-suspension,107,hconres,242.0,Yea
passage-suspension,107,hr,3391.0,Yea
passage-suspension,107,hr,3448.0,Yea
passage,107,hr,3338.0,Nay
passage-suspension,107,hres,191.0,Yea
passage,107,hr,2620.0,Yea
passage,107,hr,7.0,Nay
passage,107,hr,2647.0,Yea
passage,107,hjres,70.0,Yea
passage,107,hr,1022.0,Yea
passage-suspension,107,hr,3323.0,Yea
passage-suspension,107,hres,195.0,Nay
passage-suspension,107,s,494.0,Yea
passage,107,hr,2311.0,Yea
passage-suspension,107,sconres,44.0,Yea
passage,107,hr,3090.0,Nay
passage,107,hjres,50.0,Yea
passage,107,hr,2620.0,Nay
passage-suspension,107,hres,212.0,Yea
passage-suspension,107,hconres,262.0,Yea
passage,107,hr,622.0,Yea
passage,107,sjres,6.0,Nay
passage,107,hres,141.0,Yea
passage-suspension,107,hr,586.0,Yea
passage-suspension,107,hres,67.0,Yea
passage-suspension,107,hconres,248.0,Yea
passage-suspension,107,hres,250.0,Not Voting
passage-suspension,107,hr,1099.0,Yea
passage,107,hres,153.0,Nay
passage,107,hres,242.0,Nay
passage-suspension,107,hr,2272.0,Yea
passage,107,hjres,64.0,Yea
passage-suspension,107,hr,428.0,Yea
passage-suspension,107,hconres,47.0,Yea
passage,107,hres,143.0,Nay
passage-suspension,107,hconres,217.0,Yea
passage,107,hr,2217.0,Yea
passage-suspension,107,hres,124.0,Yea
passage-suspension,107,hr,2657.0,Yea
passage,107,hr,1836.0,Nay
passage-suspension,107,hr,802.0,Yea
passage,107,hr,2904.0,Yea
passage,107,hr,2216.0,Yea
passage,107,hres,127.0,Yea
passage-suspension,107,hconres,244.0,Not Voting
passage,107,hr,2975.0,Nay
passage,107,hr,327.0,Yea
passage,107,hres,93.0,Nay
passage,107,hr,3061.0,Not Voting
passage,107,hres,136.0,Nay
passage-suspension,107,hr,2.0,Yea
passage-suspension,107,hr,524.0,Yea
passage-suspension,107,hr,1766.0,Not Voting
passage,107,hconres,83.0,Nay
passage,107,hres,71.0,Yea
passage,107,hres,214.0,Nay
passage,107,hjres,61.0,Yea
passage,107,hr,333.0,Yea
passage,107,hr,2506.0,Yea
passage,107,hres,104.0,Nay
passage-suspension,107,hr,3162.0,Nay
passage-suspension,107,hr,768.0,Yea
passage-suspension,107,hres,166.0,Yea
passage-suspension,107,hr,1291.0,Yea
passage-suspension,107,hr,861.0,Yea
passage,107,hr,1157.0,Yea
passage-suspension,107,hr,3160.0,Yea
passage-suspension,107,hconres,100.0,Yea
passage-suspension,107,hres,97.0,Not Voting
passage-suspension,107,hr,223.0,Yea
passage-suspension,107,hconres,163.0,Yea
passage-suspension,107,hres,56.0,Yea
passage,107,hr,2882.0,Yea
passage-suspension,107,hr,1831.0,Yea
passage-suspension,107,hr,2540.0,Yea
passage,107,hres,138.0,Nay
passage-suspension,107,hr,1761.0,Not Voting
passage,107,hr,554.0,Yea
passage-suspension,107,hres,34.0,Yea
passage-suspension,107,hr,834.0,Yea
passage-suspension,107,hr,3004.0,Yea
passage-suspension,107,hr,700.0,Not Voting
passage-suspension,107,hconres,66.0,Yea
passage-suspension,107,hr,2043.0,Yea
passage-suspension,107,hr,2924.0,Yea
passage,107,hr,2944.0,Not Voting
passage-suspension,107,hconres,154.0,Yea
passage-suspension,107,hres,91.0,Nay
passage-suspension,107,hr,725.0,Yea
passage,107,hconres,83.0,Nay
passage,107,hr,2299.0,Yea
passage,107,hr,3061.0,Yea
passage,107,hr,8.0,Nay
passage,107,hr,2052.0,Yea
passage-suspension,107,hr,1259.0,Yea
passage-suspension,107,hconres,14.0,Yea
passage,107,hres,305.0,Nay
passage,107,hr,2944.0,Yea
passage-suspension,107,hr,10.0,Yea
passage-suspension,107,hconres,102.0,Yea
passage-suspension,107,hr,3129.0,Nay
passage-suspension,107,hconres,170.0,Yea
passage-suspension,107,s,360.0,Yea
passage-suspension,107,hconres,257.0,Yea
passage,107,hr,2590.0,Yea
passage,107,hr,3150.0,Nay
passage,107,hr,2590.0,Yea
passage,107,hres,188.0,Nay
passage,107,hres,306.0,Nay
passage-suspension,107,hjres,7.0,Yea
passage,107,hres,289.0,Nay
passage-suspension,107,hr,3348.0,Yea
passage-suspension,107,hr,3282.0,Yea
passage,107,s,1447.0,Yea
passage-suspension,107,hconres,281.0,Yea
passage,107,hr,2330.0,Yea
passage-suspension,107,hr,3008.0,Yea
passage-suspension,107,hconres,15.0,Yea
passage,107,hjres,55.0,Nay
passage,107,hres,272.0,Yea
passage-suspension,107,hconres,243.0,Yea
passage-suspension,107,hr,2541.0,Yea
passage-suspension,107,s,468.0,Yea
passage-suspension,107,hr,852.0,Yea
passage,107,hr,2506.0,Yea
passage-suspension,107,hconres,190.0,Yea
passage-suspension,107,hconres,211.0,Yea
passage-suspension,107,hr,2137.0,Yea
passage-suspension,107,hconres,77.0,Yea
passage-suspension,107,hr,3379.0,Yea
passage,107,hjres,36.0,Nay
passage-suspension,107,hconres,282.0,Yea
passage,107,hr,2216.0,Yea
passage,107,hr,2500.0,Yea
passage,107,hjres,71.0,Yea
passage-suspension,107,hr,1892.0,Yea
passage,107,hr,3167.0,Yea
passage-suspension,107,hr,2559.0,Yea
passage,107,hr,2330.0,Yea
passage,107,s,1438.0,Nay
passage-suspension,107,hr,3209.0,Yea
passage,107,hr,2299.0,Yea
passage-suspension,107,hr,2722.0,Yea
passage,107,hres,296.0,Nay
passage-suspension,107,hconres,41.0,Yea
passage,107,hr,2926.0,Yea
passage-suspension,107,hr,1098.0,Yea
passage,107,hr,2888.0,Yea
passage-suspension,107,hres,99.0,Yea
passage-suspension,107,hr,801.0,Yea
passage-suspension,107,hr,811.0,Yea
passage,107,hr,3338.0,Yea
passage,107,hres,244.0,Nay
passage-suspension,107,hconres,91.0,Yea
passage-suspension,107,hconres,31.0,Yea
passage-suspension,107,hr,1885.0,Yea
passage,107,hr,1836.0,Nay
passage-suspension,107,hr,1727.0,Yea
passage,107,hres,142.0,Nay
passage-suspension,107,hconres,95.0,Yea
passage,107,hres,100.0,Nay
passage-suspension,107,hres,160.0,Yea
passage,107,hres,84.0,Yea
passage,107,hr,2884.0,Yea
passage,107,hr,10.0,Yea
passage-suspension,107,hr,717.0,Not Voting
passage,107,hres,263.0,Nay
passage-suspension,107,hr,1042.0,Yea
passage-suspension,107,hconres,161.0,Yea
passage,107,hr,2646.0,Nay
passage-suspension,107,hconres,43.0,Yea
passage-suspension,107,hres,116.0,Yea
passage-suspension,107,hconres,56.0,Yea
passage-suspension,107,hr,624.0,Yea
passage-suspension,107,hres,424.0,Yea
passage-suspension,107,hres,377.0,Not Voting
passage,107,hres,507.0,Nay
passage,107,hres,419.0,Yea
passage-suspension,107,hres,371.0,Yea
passage-suspension,107,hr,4547.0,Yea
passage-suspension,107,hconres,312.0,Nay
passage-suspension,107,hconres,395.0,Yea
passage-suspension,107,hr,3525.0,Yea
passage-suspension,107,hr,4866.0,Nay
passage,107,hres,350.0,Nay
passage-suspension,107,hr,4946.0,Nay
passage,107,hres,420.0,Nay
passage-suspension,107,hr,3717.0,Yea
passage,107,hres,509.0,Nay
passage,107,hres,483.0,Nay
passage-suspension,107,hjres,82.0,Yea
passage-suspension,107,hr,3609.0,Yea
passage-suspension,107,hr,3699.0,Yea
passage,107,hres,546.0,Nay
passage-suspension,107,hconres,476.0,Yea
passage,107,hr,5011.0,Yea
passage,107,hr,4600.0,Nay
passage-suspension,107,hr,4609.0,Yea
passage-suspension,107,hr,2643.0,Yea
passage-suspension,107,hres,538.0,Yea
passage,107,hr,5010.0,Yea
passage,107,hres,553.0,Nay
passage-suspension,107,hr,700.0,Yea
passage,107,hres,602.0,Nay
passage,107,hres,600.0,Nay
passage-suspension,107,hres,335.0,Yea
passage-suspension,107,hr,5531.0,Yea
passage-suspension,107,hres,468.0,Yea
passage-suspension,107,hconres,424.0,Yea
passage,107,hres,462.0,Nay
passage-suspension,107,hr,3937.0,Not Voting
passage,107,hres,447.0,Yea
passage-suspension,107,hr,2357.0,Nay
passage-suspension,107,s,2690.0,Present
passage-suspension,107,hr,3340.0,Yea
passage-suspension,107,hconres,213.0,Yea
passage,107,s,1762.0,Yea
passage-suspension,107,hr,2234.0,Yea
passage,107,hjres,96.0,Nay
passage-suspension,107,hr,4823.0,Not Voting
passage-suspension,107,hr,5557.0,Not Voting
passage,107,hres,579.0,Yea
passage-suspension,107,hconres,415.0,Not Voting
passage,107,hr,5011.0,Yea
passage-suspension,107,hr,3764.0,Yea
passage-suspension,107,hr,3482.0,Yea
passage-suspension,107,hconres,337.0,Yea
passage-suspension,107,hr,4858.0,Yea
passage-suspension,107,hr,3479.0,Yea
passage-suspension,107,hconres,301.0,Yea
passage-suspension,107,s,1533.0,Yea
passage,107,hres,580.0,Nay
passage,107,hr,3389.0,Yea
passage-suspension,107,hr,4800.0,Yea
passage,107,hr,5010.0,Yea
passage,107,hres,585.0,Not Voting
passage,107,hr,4775.0,Nay
passage-suspension,107,hr,3580.0,Yea
passage-suspension,107,hr,5118.0,Yea
passage-suspension,107,hjres,95.0,Yea
passage-suspension,107,hconres,472.0,Yea
passage-suspension,107,hr,4679.0,Yea
passage-suspension,107,hr,4755.0,Yea
passage,107,hres,450.0,Nay
passage,107,hjres,101.0,Nay
passage,107,hr,2646.0,Yea
passage-suspension,107,hr,3479.0,Yea
passage,107,hr,5093.0,Yea
passage-suspension,107,hres,94.0,Not Voting
passage,107,hres,521.0,Not Voting
passage,107,hr,4727.0,Not Voting
passage-suspension,107,hr,4514.0,Yea
passage-suspension,107,hr,2509.0,Yea
passage-suspension,107,hr,4626.0,Yea
passage-suspension,107,hr,1374.0,Yea
passage-suspension,107,hr,4102.0,Yea
passage-suspension,107,hr,4156.0,Yea
passage-suspension,107,hr,4015.0,Yea
passage,107,hr,5121.0,Yea
passage,107,hres,489.0,Nay
passage,107,hr,4775.0,Yea
passage-suspension,107,hconres,435.0,Yea
passage-suspension,107,hr,4085.0,Yea
passage-suspension,107,hconres,314.0,Yea
passage-suspension,107,hr,4167.0,Yea
passage-suspension,107,hconres,188.0,Yea
passage-suspension,107,hr,3375.0,Yea
passage-suspension,107,hres,368.0,Yea
passage-suspension,107,hr,3287.0,Not Voting
passage-suspension,107,sjres,32.0,Yea
passage-suspension,107,hr,2804.0,Not Voting
passage-suspension,107,hconres,405.0,Yea
passage-suspension,107,hres,513.0,Not Voting
passage-suspension,107,hr,5157.0,Not Voting
passage,107,hr,3394.0,Yea
passage-suspension,107,hr,3839.0,Yea
passage-suspension,107,hres,482.0,Yea
passage-suspension,107,hr,3991.0,Nay
passage,107,hr,3924.0,Yea
passage-suspension,107,hr,3958.0,Yea
passage-suspension,107,hr,3694.0,Yea
passage-suspension,107,hconres,304.0,Yea
passage,107,hres,528.0,Not Voting
passage-suspension,107,hconres,305.0,Yea
passage,107,hjres,87.0,Nay
passage-suspension,107,hres,452.0,Yea
passage-suspension,107,hr,2998.0,Yea
passage,107,hres,343.0,Yea
passage-suspension,107,hr,5333.0,Yea
passage,107,hconres,353.0,Nay
passage,107,hres,372.0,Nay
passage-suspension,107,hres,339.0,Yea
passage,107,hres,428.0,Nay
passage-suspension,107,hres,363.0,Yea
passage-suspension,107,hr,4069.0,Yea
passage-suspension,107,hres,523.0,Yea
passage-suspension,107,hjres,113.0,Yea
passage-suspension,107,hres,438.0,Yea
passage-suspension,107,hr,577.0,Yea
passage,107,hres,606.0,Nay
passage-suspension,107,hres,549.0,Yea
passage,107,hres,435.0,Nay
passage,107,hres,540.0,Nay
passage,107,hres,451.0,Yea
passage-suspension,107,hres,393.0,Yea
passage-suspension,107,hr,4125.0,Yea
passage-suspension,107,hres,459.0,Present
passage,107,hr,2215.0,Yea
passage,107,hres,465.0,Nay
passage-suspension,107,s,1888.0,Not Voting
passage,107,s,1372.0,Yea
passage-suspension,107,hr,5422.0,Yea
passage,107,hres,440.0,Yea
passage-suspension,107,hr,5542.0,Yea
passage,107,hr,4628.0,Yea
passage-suspension,107,hconres,394.0,Yea
passage,107,hr,5710.0,Nay
passage-suspension,107,s,970.0,Yea
passage,107,hjres,111.0,Yea
passage-suspension,107,s,434.0,Yea
passage-suspension,107,hr,3034.0,Yea
passage-suspension,107,hr,5063.0,Yea
passage,107,hres,544.0,Nay
passage,107,hr,1979.0,Nay
passage-suspension,107,hr,2982.0,Yea
passage,107,hr,4687.0,Not Voting
passage-suspension,107,hr,4477.0,Yea
passage,107,hres,543.0,Nay
passage-suspension,107,hr,3180.0,Yea
passage,107,hr,4635.0,Nay
passage,107,hjres,112.0,Yea
passage-suspension,107,hr,3786.0,Yea
passage-suspension,107,hres,533.0,Yea
passage,107,hres,524.0,Nay
passage-suspension,107,hr,4846.0,Yea
passage,107,hjres,114.0,Nay
passage,107,hres,431.0,Nay
passage-suspension,107,hconres,340.0,Not Voting
passage-suspension,107,hr,4717.0,Yea
passage,107,hres,525.0,Nay
passage-suspension,107,hr,4623.0,Yea
passage-suspension,107,hr,3971.0,Yea
passage,107,hr,4598.0,Yea
passage,107,hr,2733.0,Not Voting
passage,107,hres,559.0,Yea
passage-suspension,107,hconres,297.0,Yea
passage,107,hr,2486.0,Yea
passage-suspension,107,hr,4794.0,Yea
passage,107,hr,3295.0,Nay
passage-suspension,107,hr,2155.0,Nay
passage,107,hr,327.0,Yea
passage,107,hr,3448.0,Yea
passage,107,hconres,464.0,Not Voting
passage,107,hr,3090.0,Yea
passage,107,hr,3009.0,Nay
passage,107,hr,3763.0,Yea
passage-suspension,107,hres,516.0,Not Voting
passage-suspension,107,hconres,320.0,Not Voting
passage-suspension,107,hconres,309.0,Yea
passage,107,hr,5120.0,Yea
passage,107,hr,2146.0,Yea
passage-suspension,107,hr,3833.0,Yea
passage-suspension,107,hr,2911.0,Yea
passage-suspension,107,s,2248.0,Yea
passage-suspension,107,hconres,439.0,Yea
passage-suspension,107,hr,1892.0,Yea
passage-suspension,107,hr,1877.0,Yea
passage,107,hres,427.0,Yea
passage,107,hr,2341.0,Nay
passage,107,hres,498.0,Nay
passage-suspension,107,hconres,165.0,Yea
passage-suspension,107,hr,3880.0,Not Voting
passage-suspension,107,hconres,401.0,Not Voting
passage,107,hres,426.0,Yea
passage-suspension,107,hr,5203.0,Not Voting
passage-suspension,107,hres,365.0,Yea
passage-suspension,107,hres,492.0,Yea
passage-suspension,107,hr,169.0,Yea
passage-suspension,107,hconres,271.0,Yea
passage,107,hr,622.0,Nay
passage-suspension,107,hconres,386.0,Yea
passage-suspension,108,hr,1609.0,Yea
passage-suspension,108,s,330.0,Yea
passage-suspension,108,hres,372.0,Yea
passage,108,hr,1350.0,Nay
passage,108,s,3.0,Nay
passage-suspension,108,hr,743.0,Nay
passage,108,hr,2754.0,Not Voting
passage-suspension,108,hr,2998.0,Yea
passage-suspension,108,hr,2330.0,Yea
passage,108,hr,7.0,Yea
passage,108,hres,421.0,Nay
passage-suspension,108,hres,356.0,Yea
passage,108,hr,2658.0,Yea
passage-suspension,108,hres,400.0,Yea
passage-suspension,108,hr,1055.0,Yea
passage,108,hres,51.0,Yea
passage-suspension,108,hr,1460.0,Yea
passage,108,hr,395.0,Yea
passage-suspension,108,hconres,22.0,Yea
passage-suspension,108,hr,923.0,Yea
passage-suspension,108,hr,2297.0,Yea
passage,108,hres,316.0,Nay
passage-suspension,108,hres,111.0,Yea
passage-suspension,108,hr,1047.0,Yea
passage,108,hr,2673.0,Yea
passage-suspension,108,hr,1925.0,Yea
passage-suspension,108,hr,100.0,Yea
passage-suspension,108,hres,355.0,Yea
passage-suspension,108,hconres,96.0,Yea
passage,108,hr,975.0,Nay
passage-suspension,108,hconres,27.0,Yea
passage,108,hr,1559.0,Yea
passage,108,hr,2417.0,Yea
passage-suspension,108,hr,3288.0,Yea
passage,108,hres,190.0,Nay
passage,108,hr,3289.0,Nay
passage-suspension,108,hconres,302.0,Yea
passage,108,hr,1474.0,Yea
passage-suspension,108,hconres,299.0,Not Voting
passage,108,hres,444.0,Yea
passage-suspension,108,hconres,220.0,Yea
passage-suspension,108,sconres,43.0,Yea
passage,108,s,273.0,Yea
passage-suspension,108,hconres,83.0,Yea
passage-suspension,108,s,686.0,Yea
passage-suspension,108,s,877.0,Yea
passage,108,hr,2417.0,Nay
passage,108,hr,2673.0,Nay
passage,108,s,342.0,Yea
passage-suspension,108,hr,2254.0,Yea
passage,108,hr,1829.0,Yea
passage-suspension,108,hr,1610.0,Yea
passage,108,hr,2800.0,Yea
passage,108,s,222.0,Yea
passage-suspension,108,s,703.0,Yea
passage,108,hjres,78.0,Yea
passage,108,hr,2989.0,Not Voting
passage-suspension,108,s,286.0,Yea
passage,108,hres,5.0,Nay
passage-suspension,108,hconres,288.0,Yea
passage,108,hr,2.0,Nay
passage-suspension,108,hconres,206.0,Yea
passage-suspension,108,hres,201.0,Yea
passage,108,hr,2861.0,Nay
passage,108,hjres,79.0,Yea
passage,108,hres,257.0,Nay
passage-suspension,108,hres,350.0,Yea
passage-suspension,108,hjres,63.0,Yea
passage-suspension,108,hr,1683.0,Yea
passage-suspension,108,hr,253.0,Yea
passage-suspension,108,s,273.0,Nay
passage,108,hr,3289.0,Nay
passage-suspension,108,hres,427.0,Yea
passage,108,hr,2559.0,Yea
passage,108,hr,6.0,Nay
passage-suspension,108,hr,3214.0,Yea
passage-suspension,108,hres,177.0,Not Voting
passage-suspension,108,hres,359.0,Yea
passage-suspension,108,hr,1828.0,Yea
passage-suspension,108,s,222.0,Nay
passage-suspension,108,hconres,177.0,Yea
passage-suspension,108,hconres,209.0,Yea
passage-suspension,108,hr,2309.0,Yea
passage,108,hconres,259.0,Yea
passage,108,hres,338.0,Nay
passage-suspension,108,hr,1954.0,Yea
passage-suspension,108,hconres,209.0,Not Voting
passage-suspension,108,hr,3365.0,Yea
passage-suspension,108,hr,3491.0,Yea
passage,108,hr,2754.0,Yea
passage,108,hr,2143.0,Nay
passage-suspension,108,hr,2420.0,Yea
passage-suspension,108,hr,2620.0,Yea
passage-suspension,108,hres,264.0,Not Voting
passage,108,hr,2115.0,Yea
passage,108,hr,1036.0,Nay
passage-suspension,108,hres,199.0,Yea
passage-suspension,108,hconres,40.0,Yea
passage-suspension,108,hres,46.0,Yea
passage-suspension,108,hr,1416.0,Yea
passage-suspension,108,hr,3365.0,Yea
passage,108,s,380.0,Yea
passage-suspension,108,hr,1720.0,Yea
passage-suspension,108,hconres,291.0,Yea
passage-suspension,108,hr,417.0,Yea
passage-suspension,108,hconres,6.0,Yea
passage-suspension,108,hres,204.0,Yea
passage-suspension,108,hr,659.0,Not Voting
passage-suspension,108,hconres,77.0,Yea
passage,108,hconres,95.0,Nay
passage,108,hr,2122.0,Yea
passage-suspension,108,hr,342.0,Yea
passage-suspension,108,hconres,149.0,Yea
passage-suspension,108,hr,281.0,Yea
passage-suspension,108,hres,109.0,Yea
passage,108,hr,2658.0,Yea
passage-suspension,108,hconres,58.0,Yea
passage,108,hr,2657.0,Yea
passage,108,hr,2691.0,Nay
passage-suspension,108,hr,1166.0,Yea
passage-suspension,108,hconres,160.0,Yea
passage-suspension,108,hr,663.0,Yea
passage,108,hjres,75.0,Yea
passage-suspension,108,hr,1516.0,Not Voting
passage-suspension,108,hr,273.0,Yea
passage-suspension,108,hr,108.0,Yea
passage-suspension,108,hres,277.0,Yea
passage-suspension,108,hr,2359.0,Nay
passage,108,hr,2555.0,Yea
passage-suspension,108,hres,414.0,Yea
passage-suspension,108,hconres,36.0,Yea
passage-suspension,108,hres,294.0,Yea
passage-suspension,108,hres,170.0,Yea
passage,108,hr,2596.0,Nay
passage-suspension,108,hres,222.0,Yea
passage,108,hr,438.0,Yea
passage,108,hr,2555.0,Yea
passage,108,hres,206.0,Nay
passage-suspension,108,hr,399.0,Yea
passage-suspension,108,hr,1409.0,Nay
passage-suspension,108,hres,213.0,Yea
passage-suspension,108,hr,1463.0,Nay
passage-suspension,108,hr,868.0,Yea
passage,108,hres,191.0,Nay
passage-suspension,108,hr,441.0,Yea
passage-suspension,108,hr,314.0,Yea
passage-suspension,108,hr,389.0,Yea
passage-suspension,108,hconres,156.0,Yea
passage-suspension,108,hres,409.0,Yea
passage-suspension,108,hres,26.0,Not Voting
passage-suspension,108,hres,25.0,Not Voting
passage-suspension,108,hr,1761.0,Yea
passage,108,hres,377.0,Yea
passage-suspension,108,hres,61.0,Yea
passage-suspension,108,hr,2465.0,Not Voting
passage,108,hres,310.0,Nay
passage-suspension,108,hres,62.0,Yea
passage-suspension,108,s,678.0,Yea
passage,108,hr,2660.0,Nay
passage-suspension,108,hr,961.0,Yea
passage-suspension,108,hr,1740.0,Yea
passage,108,hres,239.0,Nay
passage-suspension,108,hr,1307.0,Yea
passage-suspension,108,hconres,166.0,Not Voting
passage,108,hconres,95.0,Nay
passage-suspension,108,hr,1596.0,Yea
passage-suspension,108,hres,106.0,Yea
passage,108,hr,13.0,Yea
passage-suspension,108,hconres,53.0,Yea
passage-suspension,108,hr,346.0,Yea
passage,108,hjres,73.0,Yea
passage-suspension,108,hjres,19.0,Yea
passage,108,hres,309.0,Nay
passage,108,hr,2691.0,Nay
passage-suspension,108,hres,10.0,Yea
passage,108,hres,407.0,Nay
passage,108,hjres,27.0,Yea
passage-suspension,108,hconres,274.0,Yea
passage-suspension,108,hr,866.0,Yea
passage,108,hr,3108.0,Yea
passage-suspension,108,hconres,54.0,Yea
passage,108,hconres,104.0,Yea
passage,108,hr,766.0,Yea
passage-suspension,108,hres,132.0,Yea
passage-suspension,108,hr,1018.0,Not Voting
passage-suspension,108,hr,699.0,Yea
passage-suspension,108,hconres,147.0,Not Voting
passage-suspension,108,hres,352.0,Yea
passage-suspension,108,hr,788.0,Yea
passage-suspension,108,hr,1625.0,Yea
passage-suspension,108,hr,1516.0,Yea
passage-suspension,108,hr,3140.0,Yea
passage-suspension,108,hres,423.0,Yea
passage-suspension,108,hres,159.0,Not Voting
passage-suspension,108,hr,1465.0,Not Voting
passage,108,hr,760.0,Nay
passage-suspension,108,sjres,18.0,Not Voting
passage,108,hr,1588.0,Nay
passage,108,hres,270.0,Nay
passage,108,hr,2799.0,Yea
passage-suspension,108,hres,171.0,Yea
passage-suspension,108,hres,195.0,Not Voting
passage-suspension,108,hr,1257.0,Yea
passage-suspension,108,hres,393.0,Yea
passage,108,hconres,191.0,Not Voting
passage,108,hres,450.0,Yea
passage,108,s,23.0,Yea
passage-suspension,108,hr,658.0,Yea
passage,108,hr,1115.0,Nay
passage-suspension,108,sjres,22.0,Not Voting
passage-suspension,108,hr,3300.0,Yea
passage-suspension,108,hr,2350.0,Yea
passage,108,hjres,76.0,Yea
passage-suspension,108,hconres,110.0,Yea
passage-suspension,108,hconres,176.0,Yea
passage-suspension,108,hconres,162.0,Yea
passage-suspension,108,hr,1006.0,Yea
passage-suspension,108,hr,2622.0,Yea
passage-suspension,108,hr,1170.0,Yea
passage-suspension,108,s,1156.0,Yea
passage-suspension,108,hr,1911.0,Yea
passage,108,hres,459.0,Nay
passage,108,hr,2622.0,Yea
passage,108,hr,1904.0,Nay
passage-suspension,108,s,763.0,Yea
passage,108,hr,1.0,Nay
passage-suspension,108,hres,231.0,Yea
passage-suspension,108,hr,1274.0,Yea
passage-suspension,108,hconres,212.0,Yea
passage-suspension,108,hres,252.0,Nay
passage-suspension,108,s,763.0,Yea
passage-suspension,108,hconres,320.0,Yea
passage-suspension,108,hconres,94.0,Yea
passage-suspension,108,hr,1320.0,Yea
passage,108,hjres,4.0,Nay
passage-suspension,108,hr,1533.0,Yea
passage,108,hr,2765.0,Not Voting
passage-suspension,108,hres,453.0,Yea
passage,108,hr,1000.0,Nay
passage-suspension,108,hres,19.0,Yea
passage-suspension,108,hres,357.0,Yea
passage,108,hr,3161.0,Yea
passage-suspension,108,hconres,85.0,Yea
passage-suspension,108,hconres,109.0,Yea
passage,108,hr,2657.0,Yea
passage-suspension,108,hres,153.0,Nay
passage,108,hr,4.0,Nay
passage-suspension,108,s,858.0,Yea
passage-suspension,108,hconres,49.0,Yea
passage,108,s,151.0,Yea
passage-suspension,108,hr,1828.0,Yea
passage-suspension,108,hr,1584.0,Yea
passage,108,hres,418.0,Nay
passage-suspension,108,hr,1368.0,Yea
passage-suspension,108,hr,205.0,Yea
passage,108,hr,534.0,Nay
passage-suspension,108,hres,165.0,Yea
passage-suspension,108,hconres,118.0,Yea
passage-suspension,108,hconres,26.0,Yea
passage-suspension,108,hr,874.0,Yea
passage-suspension,108,hr,1412.0,Yea
passage-suspension,108,hres,122.0,Yea
passage,108,hjres,69.0,Yea
passage,108,hr,522.0,Yea
passage,108,hr,2559.0,Yea
passage-suspension,108,hres,179.0,Yea
passage-suspension,108,hconres,141.0,Yea
passage,108,hres,417.0,Nay
passage-suspension,108,hres,127.0,Yea
passage-suspension,108,hr,258.0,Yea
passage-suspension,108,hres,149.0,Yea
passage-suspension,108,hjres,49.0,Yea
passage,108,hres,198.0,Yea
passage-suspension,108,hr,2474.0,Yea
passage-suspension,108,hr,2489.0,Yea
passage-suspension,108,hr,3059.0,Yea
passage,108,hr,5212.0,Yea
passage,108,hres,828.0,Nay
passage-suspension,108,hr,2993.0,Yea
passage-suspension,108,hres,853.0,Yea
passage-suspension,108,hres,622.0,Yea
passage,108,hr,4567.0,Yea
passage-suspension,108,hres,475.0,Yea
passage-suspension,108,sconres,114.0,Yea
passage-suspension,108,hres,392.0,Yea
passage,108,hr,1350.0,Not Voting
passage-suspension,108,hr,4299.0,Yea
passage,108,sconres,95.0,Nay
passage-suspension,108,hr,5061.0,Yea
passage,108,hr,2751.0,Yea
passage-suspension,108,s,2057.0,Yea
passage,108,s,1920.0,Nay
passage-suspension,108,hconres,358.0,Yea
passage-suspension,108,hres,676.0,Yea
passage-suspension,108,hr,2707.0,Yea
passage-suspension,108,hconres,264.0,Yea
passage-suspension,108,hr,3942.0,Yea
passage-suspension,108,hconres,398.0,Yea
passage-suspension,108,hres,519.0,Yea
passage,108,hr,4520.0,Nay
passage-suspension,108,s,2264.0,Yea
passage-suspension,108,hres,577.0,Yea
passage-suspension,108,hjres,110.0,Yea
passage-suspension,108,hr,958.0,Yea
passage-suspension,108,s,1134.0,Yea
passage-suspension,108,hr,254.0,Yea
passage,108,hr,4279.0,Nay
passage,108,hres,846.0,Nay
passage-suspension,108,hconres,328.0,Yea
passage-suspension,108,hconres,352.0,Yea
passage-suspension,108,hr,2408.0,Yea
passage-suspension,108,hr,4176.0,Yea
passage,108,hr,2844.0,Yea
passage-suspension,108,hconres,359.0,Yea
passage-suspension,108,s,714.0,Yea
passage-suspension,108,hres,600.0,Yea
passage-suspension,108,hconres,287.0,Yea
passage,108,hr,4517.0,Nay
passage,108,hr,3313.0,Nay
passage,108,hr,4837.0,Yea
passage,108,hr,4503.0,Nay
passage-suspension,108,hr,4363.0,Yea
passage,108,hr,4613.0,Yea
passage-suspension,108,hconres,469.0,Yea
passage-suspension,108,hres,792.0,Yea
passage-suspension,108,hres,492.0,Yea
passage-suspension,108,hres,489.0,Yea
passage-suspension,108,s,1814.0,Yea
passage-suspension,108,hres,760.0,Yea
passage-suspension,108,hconres,417.0,Yea
passage,108,hres,766.0,Not Voting
passage-suspension,108,hres,658.0,Yea
passage,108,hr,4613.0,Yea
passage-suspension,108,hconres,13.0,Yea
passage-suspension,108,hres,591.0,Yea
passage-suspension,108,hconres,467.0,Yea
passage-suspension,108,hr,4545.0,Nay
passage-suspension,108,hr,4056.0,Yea
passage-suspension,108,hres,660.0,Yea
passage-suspension,108,hr,3369.0,Not Voting
passage-suspension,108,hres,567.0,Yea
passage-suspension,108,hres,667.0,Yea
passage-suspension,108,hr,4109.0,Yea
passage-suspension,108,hres,490.0,Yea
passage-suspension,108,hres,491.0,Yea
passage-suspension,108,sconres,76.0,Yea
passage,108,hconres,432.0,Nay
passage-suspension,108,hr,163.0,Nay
passage,108,hr,2028.0,Nay
passage,108,hres,664.0,Yea
passage-suspension,108,s,2634.0,Yea
passage-suspension,108,hres,723.0,Yea
passage-suspension,108,hr,4840.0,Yea
passage-suspension,108,hr,2929.0,Yea
passage-suspension,108,hr,1057.0,Yea
passage,108,hr,4571.0,Not Voting
passage,108,hr,2443.0,Yea
passage-suspension,108,hr,4608.0,Yea
passage-suspension,108,hconres,460.0,Yea
passage,108,hr,4568.0,Nay
passage-suspension,108,hr,4019.0,Yea
passage,108,hres,866.0,Nay
passage-suspension,108,hres,530.0,Yea
passage-suspension,108,hres,526.0,Yea
passage-suspension,108,hr,3147.0,Yea
passage-suspension,108,hconres,257.0,Yea
passage-suspension,108,hconres,403.0,Not Voting
passage,108,hr,1375.0,Yea
passage-suspension,108,hres,576.0,Yea
passage-suspension,108,hres,605.0,Yea
passage-suspension,108,hconres,15.0,Yea
passage-suspension,108,hres,599.0,Yea
passage-suspension,108,hres,551.0,Yea
passage,108,hr,2728.0,Nay
passage-suspension,108,hconres,420.0,Not Voting
passage-suspension,108,hr,3095.0,Yea
passage-suspension,108,hr,2584.0,Yea
passage,108,hr,2729.0,Nay
passage-suspension,108,hres,433.0,Yea
passage,108,hr,3550.0,Yea
passage-suspension,108,hconres,410.0,Yea
passage,108,hres,691.0,Nay
passage-suspension,108,hr,4030.0,Not Voting
passage-suspension,108,hr,3769.0,Yea
passage-suspension,108,hr,912.0,Yea
passage-suspension,108,hr,1779.0,Yea
passage-suspension,108,hr,5382.0,Nay
passage,108,hr,2730.0,Nay
passage-suspension,108,hr,3723.0,Yea
passage-suspension,108,hres,402.0,Yea
passage-suspension,108,hr,3733.0,Yea
passage,108,hconres,414.0,Yea
passage,108,hconres,393.0,Nay
passage-suspension,108,hr,3722.0,Nay
passage-suspension,108,hres,705.0,Yea
passage-suspension,108,hconres,380.0,Yea
passage-suspension,108,hconres,423.0,Not Voting
passage-suspension,108,hres,540.0,Yea
passage,108,hr,4759.0,Nay
passage-suspension,108,hconres,386.0,Yea
passage-suspension,108,hres,157.0,Yea
passage-suspension,108,hjres,84.0,Yea
passage,108,hres,707.0,Nay
passage,108,hres,581.0,Yea
passage-suspension,108,hres,399.0,Yea
passage-suspension,108,hr,3980.0,Yea
passage-suspension,108,s,1904.0,Yea
passage-suspension,108,hr,5186.0,Yea
passage-suspension,108,hr,3786.0,Yea
passage-suspension,108,hconres,364.0,Not Voting
passage-suspension,108,hconres,424.0,Yea
passage-suspension,108,hr,3926.0,Yea
passage-suspension,108,hr,3873.0,Yea
passage-suspension,108,hres,412.0,Yea
passage,108,hr,4755.0,Yea
passage-suspension,108,s,2302.0,Yea
passage-suspension,108,hr,1587.0,Yea
passage-suspension,108,hconres,373.0,Yea
passage-suspension,108,hconres,409.0,Yea
passage-suspension,108,hr,3783.0,Yea
passage-suspension,108,hr,4219.0,Yea
passage-suspension,108,hres,578.0,Yea
passage,108,hres,685.0,Yea
passage,108,hr,743.0,Yea
passage,108,hres,706.0,Nay
passage-suspension,108,hres,507.0,Yea
passage-suspension,108,hr,3104.0,Yea
passage-suspension,108,s,1881.0,Yea
passage,108,hr,4818.0,Yea
passage-suspension,108,hr,1417.0,Yea
passage-suspension,108,hr,1768.0,Yea
passage-suspension,108,hconres,326.0,Yea
passage,108,hr,3574.0,Yea
passage-suspension,108,hres,56.0,Yea
passage-suspension,108,hconres,189.0,Yea
passage-suspension,108,hconres,378.0,Yea
passage-suspension,108,hr,4661.0,Yea
passage-suspension,108,hres,522.0,Yea
passage-suspension,108,hr,3782.0,Yea
passage-suspension,108,hr,5213.0,Yea
passage-suspension,108,hres,608.0,Yea
passage,108,hr,4850.0,Yea
passage-suspension,108,sjres,28.0,Yea
passage-suspension,108,hr,1385.0,Yea
passage-suspension,108,hr,5149.0,Yea
passage-suspension,108,hconres,501.0,Yea
passage-suspension,108,hres,612.0,Yea
passage-suspension,108,hr,1084.0,Not Voting
passage,108,hres,663.0,Yea
passage,108,hr,5006.0,Yea
passage-suspension,108,hconres,436.0,Yea
passage,108,hr,4513.0,Nay
passage-suspension,108,hr,4053.0,Yea
passage,108,hres,674.0,Yea
passage,108,hr,4842.0,Nay
passage-suspension,108,hr,4381.0,Yea
passage-suspension,108,hres,655.0,Yea
passage-suspension,108,hconres,363.0,Yea
passage-suspension,108,hconres,295.0,Yea
passage-suspension,108,hr,1787.0,Not Voting
passage,108,hjres,83.0,Nay
passage-suspension,108,hr,3866.0,Yea
passage,108,hjres,106.0,Nay
passage-suspension,108,hr,4231.0,Yea
passage-suspension,108,hconres,413.0,Yea
passage-suspension,108,hr,3493.0,Yea
passage-suspension,108,hconres,449.0,Yea
passage,108,hr,4567.0,Yea
passage-suspension,108,hr,4556.0,Yea
passage-suspension,108,hres,652.0,Yea
passage-suspension,108,hconres,418.0,Yea
passage-suspension,108,hr,4635.0,Yea
passage-suspension,108,hr,4175.0,Yea
passage-suspension,108,hr,4879.0,Yea
passage-suspension,108,hjres,97.0,Not Voting
passage,108,hr,5107.0,Yea
passage-suspension,108,hres,653.0,Not Voting
passage,108,hres,738.0,Nay
passage,108,hres,757.0,Yea
passage-suspension,108,hres,728.0,Yea
passage-suspension,108,hr,4323.0,Not Voting
passage-suspension,108,hr,5011.0,Yea
passage,108,hr,5025.0,Yea
passage-suspension,108,hres,669.0,Not Voting
passage,108,hr,4850.0,Yea
passage,108,hr,2731.0,Nay
passage-suspension,108,hres,558.0,Yea
passage,108,hr,4766.0,Yea
passage-suspension,108,hres,615.0,Yea
passage,108,hr,4200.0,Nay
passage-suspension,108,hconres,462.0,Yea
passage,108,hres,645.0,Nay
passage,108,hr,4754.0,Yea
passage,108,hr,4281.0,Yea
passage-suspension,108,hr,1822.0,Yea
passage-suspension,108,hconres,528.0,Yea
passage-suspension,108,hr,1417.0,Yea
passage-suspension,108,hr,4037.0,Yea
passage,108,hr,3752.0,Yea
passage-suspension,108,hres,713.0,Present
passage-suspension,108,hjres,91.0,Yea
passage-suspension,108,hjres,87.0,Yea
passage,108,hr,4837.0,Yea
passage-suspension,108,hr,3740.0,Yea
passage,108,hr,339.0,Nay
passage,108,s,15.0,Yea
passage,108,hr,4227.0,Nay
passage,108,hr,2432.0,Yea
passage,108,hres,712.0,Nay
passage,108,hconres,518.0,Nay
passage,108,hr,4614.0,Yea
passage,108,hr,3108.0,Not Voting
passage,108,hr,1561.0,Yea
passage-suspension,108,hr,3389.0,Yea
passage,108,hr,4818.0,Yea
passage-suspension,108,hr,3855.0,Yea
passage-suspension,108,hr,3970.0,Not Voting
passage,109,hres,742.0,Nay
passage,109,hres,895.0,Nay
passage-suspension,109,hres,795.0,Yea
passage,109,hres,1099.0,Nay
passage-suspension,109,hr,4944.0,Yea
passage,109,hr,5684.0,Nay
passage-suspension,109,hr,5061.0,Yea
passage-suspension,109,s,203.0,Yea
passage-suspension,109,hr,5948.0,Yea
passage,109,hr,513.0,Nay
passage,109,s,3930.0,Nay
passage-suspension,109,hres,357.0,Yea
passage-suspension,109,sjres,28.0,Yea
passage-suspension,109,sconres,79.0,Yea
passage-suspension,109,hr,4054.0,Yea
passage-suspension,109,hr,3505.0,Yea
passage-suspension,109,hr,5143.0,Yea
passage,109,hres,1100.0,Nay
passage,109,hres,815.0,Nay
passage-suspension,109,hconres,190.0,Yea
passage-suspension,109,s,1496.0,Yea
passage-suspension,109,hres,692.0,Yea
passage,109,hr,5441.0,Yea
passage-suspension,109,hconres,448.0,Yea
passage-suspension,109,hres,1088.0,Yea
passage-suspension,109,hr,2563.0,Yea
passage-suspension,109,hres,736.0,Yea
passage-suspension,109,hr,5646.0,Yea
passage-suspension,109,hr,3829.0,Yea
passage-suspension,109,s,2271.0,Nay
passage,109,hr,5631.0,Yea
passage-suspension,109,hr,4745.0,Yea
passage-suspension,109,hr,4709.0,Yea
passage-suspension,109,hr,1259.0,Yea
passage,109,hr,5252.0,Nay
passage-suspension,109,hres,605.0,Yea
passage,109,hres,966.0,Nay
passage,109,hr,5631.0,Nay
passage,109,hres,1039.0,Nay
passage-suspension,109,hres,670.0,Yea
passage-suspension,109,hres,723.0,Yea
passage,109,hr,2965.0,Yea
passage-suspension,109,hr,2808.0,Yea
passage,109,hres,958.0,Nay
passage,109,hconres,459.0,Nay
passage-suspension,109,hres,875.0,Yea
passage,109,hr,2679.0,Nay
passage,109,hres,653.0,Nay
passage,109,hres,1038.0,Nay
passage-suspension,109,hr,6102.0,Yea
passage-suspension,109,hres,648.0,Yea
passage,109,hconres,483.0,Nay
passage,109,hres,835.0,Nay
passage-suspension,109,hconres,210.0,Yea
passage,109,hr,4830.0,Yea
passage-suspension,109,s,2856.0,Yea
passage-suspension,109,hres,976.0,Yea
passage,109,hr,5429.0,Nay
passage-suspension,109,hr,6115.0,Yea
passage-suspension,109,hres,826.0,Yea
passage-suspension,109,hconres,449.0,Yea
passage-suspension,109,hconres,338.0,Yea
passage-suspension,109,hres,608.0,Yea
passage-suspension,109,hr,5319.0,Yea
passage-suspension,109,hr,5637.0,Yea
passage-suspension,109,s,193.0,Yea
passage,109,hr,4844.0,Nay
passage,109,hres,850.0,Nay
passage-suspension,109,hres,942.0,Yea
passage,109,hr,6095.0,Nay
passage,109,hr,5427.0,Yea
passage-suspension,109,hr,6033.0,Yea
passage-suspension,109,hres,804.0,Yea
passage-suspension,109,hr,5337.0,Yea
passage-suspension,109,hconres,384.0,Yea
passage-suspension,109,hr,5504.0,Yea
passage,109,hjres,102.0,Yea
passage-suspension,109,hr,5253.0,Yea
passage-suspension,109,hres,323.0,Not Voting
passage-suspension,109,hconres,392.0,Yea
passage-suspension,109,hr,889.0,Yea
passage-suspension,109,s,2120.0,Yea
passage-suspension,109,hr,5585.0,Yea
passage-suspension,109,hres,802.0,Yea
passage-suspension,109,s,2754.0,Nay
passage-suspension,109,hres,911.0,Yea
passage-suspension,109,hr,1176.0,Nay
passage-suspension,109,s,1235.0,Yea
passage-suspension,109,hr,4843.0,Yea
passage-suspension,109,hres,658.0,Yea
passage-suspension,109,hconres,359.0,Yea
passage,109,hres,890.0,Nay
passage,109,hr,5682.0,Nay
veto-override,109,hr,810.0,Yea
passage-suspension,109,hres,578.0,Yea
passage-suspension,109,s,3661.0,Yea
passage,109,hr,5385.0,Yea
passage-suspension,109,s,2320.0,Yea
passage-suspension,109,hres,1070.0,Yea
passage-suspension,109,hr,5683.0,Nay
passage-suspension,109,hr,4882.0,Yea
passage-suspension,109,hr,3858.0,Yea
passage-suspension,109,hres,498.0,Yea
passage-suspension,109,hres,1078.0,Yea
passage-suspension,109,hr,3085.0,Yea
passage,109,hres,774.0,Nay
passage-suspension,109,hr,1096.0,Yea
passage-suspension,109,hconres,365.0,Yea
passage,109,hres,805.0,Nay
passage-suspension,109,hr,5574.0,Yea
passage-suspension,109,hres,673.0,Yea
passage,109,hres,1054.0,Nay
passage,109,hconres,440.0,Nay
passage-suspension,109,hr,4804.0,Yea
passage-suspension,109,hjres,81.0,Yea
passage,109,hr,5825.0,Nay
passage-suspension,109,hres,740.0,Yea
passage-suspension,109,hr,5534.0,Yea
passage-suspension,109,hres,1091.0,Yea
passage,109,hres,906.0,Nay
passage-suspension,109,hres,921.0,Yea
passage-suspension,109,hr,1053.0,Yea
passage-suspension,109,hr,5573.0,Yea
passage,109,hres,806.0,Nay
passage-suspension,109,hr,4192.0,Yea
passage-suspension,109,hr,282.0,Yea
passage-suspension,109,hres,668.0,Yea
passage,109,hconres,341.0,Yea
passage,109,hres,925.0,Nay
passage-suspension,109,hr,6375.0,Nay
passage-suspension,109,hr,5852.0,Yea
passage-suspension,109,hres,703.0,Yea
passage-suspension,109,hr,6143.0,Nay
passage,109,hr,5384.0,Yea
passage,109,hconres,376.0,Nay
passage,109,hres,741.0,Nay
passage-suspension,109,hres,744.0,Yea
passage-suspension,109,hres,657.0,Yea
passage-suspension,109,hr,5092.0,Nay
passage-suspension,109,hres,992.0,Yea
passage-suspension,109,hr,6164.0,Yea
passage-suspension,109,hr,5059.0,Nay
passage-suspension,109,hconres,322.0,Yea
passage,109,hr,5521.0,Yea
passage,109,hres,994.0,Yea
passage-suspension,109,hr,5540.0,Yea
passage,109,s,403.0,Nay
passage-suspension,109,s,1989.0,Yea
passage-suspension,109,s,2832.0,Nay
passage,109,hr,5441.0,Yea
passage-suspension,109,hres,1017.0,Yea
passage-suspension,109,hres,989.0,Yea
passage-suspension,109,hr,4772.0,Nay
passage-suspension,109,hres,844.0,Yea
passage,109,hr,5576.0,Yea
passage,109,hres,861.0,Nay
passage-suspension,109,hres,175.0,Not Voting
passage-suspension,109,hr,4894.0,Yea
passage,109,hres,981.0,Nay
passage,109,hres,877.0,Yea
passage-suspension,109,hr,4893.0,Nay
passage,109,hr,5522.0,Yea
passage,109,hres,947.0,Nay
passage-suspension,109,hr,5013.0,Nay
passage,109,hr,4939.0,Yea
passage-suspension,109,hres,622.0,Yea
passage-suspension,109,s,418.0,Yea
passage-suspension,109,hr,5121.0,Yea
passage-suspension,109,hconres,408.0,Yea
passage-suspension,109,hres,794.0,Yea
passage,109,hres,862.0,Nay
passage-suspension,109,hres,731.0,Yea
passage-suspension,109,hres,318.0,Yea
passage-suspension,109,hr,5428.0,Not Voting
passage-suspension,109,hr,5228.0,Nay
passage-suspension,109,s,2803.0,Nay
passage,109,hr,6094.0,Nay
passage-suspension,109,hr,5449.0,Yea
passage-suspension,109,hconres,415.0,Yea
passage-suspension,109,hr,5602.0,Nay
passage-suspension,109,hconres,366.0,Yea
passage-suspension,109,hr,6099.0,Nay
passage-suspension,109,hr,864.0,Yea
passage-suspension,109,hr,3729.0,Yea
passage,109,hres,920.0,Nay
passage,109,hres,1096.0,Nay
passage-suspension,109,hres,737.0,Yea
passage-suspension,109,hr,3085.0,Yea
passage-suspension,109,s,3504.0,Yea
passage,109,hr,5122.0,Nay
passage-suspension,109,hr,3127.0,Yea
passage-suspension,109,hres,781.0,Yea
passage-suspension,109,s,3546.0,Not Voting
passage-suspension,109,hres,697.0,Yea
passage-suspension,109,hr,5254.0,Nay
passage-suspension,109,hconres,354.0,Nay
passage-suspension,109,hr,5037.0,Yea
passage,109,hjres,88.0,Nay
passage,109,hr,4772.0,Nay
passage-suspension,109,hr,4681.0,Nay
passage,109,hr,4939.0,Nay
passage,109,hres,1101.0,Nay
passage,109,hr,5386.0,Nay
passage-suspension,109,hconres,320.0,Yea
passage,109,hr,5672.0,Yea
passage-suspension,109,hr,6314.0,Yea
passage-suspension,109,hr,3496.0,Yea
passage-suspension,109,s,819.0,Yea
passage-suspension,109,hres,556.0,Yea
passage-suspension,109,hres,1082.0,Nay
passage,109,hr,4973.0,Yea
passage-suspension,109,hres,803.0,Yea
passage,109,hres,783.0,Nay
passage-suspension,109,s,3718.0,Not Voting
passage-suspension,109,hconres,98.0,Yea
passage,109,hr,3402.0,Yea
passage-suspension,109,hres,343.0,Yea
passage-suspension,109,hres,193.0,Nay
passage,109,hres,509.0,Nay
passage-suspension,109,hr,912.0,Yea
passage-suspension,109,hconres,269.0,Yea
passage-suspension,109,hres,340.0,Yea
passage,109,hconres,95.0,Nay
passage-suspension,109,hconres,178.0,Yea
passage-suspension,109,hres,56.0,Yea
passage-suspension,109,hres,500.0,Yea
passage,109,hres,527.0,Yea
passage,109,hr,3057.0,Yea
passage-suspension,109,hr,1790.0,Yea
passage-suspension,109,hr,683.0,Yea
passage,109,hjres,72.0,Yea
passage,109,hres,60.0,Yea
passage-suspension,109,hr,902.0,Yea
passage-suspension,109,hconres,30.0,Yea
passage-suspension,109,hr,315.0,Yea
passage,109,hr,2985.0,Yea
passage,109,hr,2744.0,Not Voting
passage-suspension,109,hr,3675.0,Yea
passage-suspension,109,hres,228.0,Yea
passage-suspension,109,hres,344.0,Yea
passage,109,hres,126.0,Nay
passage-suspension,109,hconres,18.0,Yea
passage-suspension,109,s,1786.0,Yea
passage,109,hr,2361.0,Nay
passage-suspension,109,hres,352.0,Nay
passage-suspension,109,hconres,127.0,Yea
passage,109,hr,3058.0,Yea
passage,109,hjres,68.0,Nay
passage-suspension,109,hres,142.0,Yea
passage-suspension,109,hr,3256.0,Yea
passage-suspension,109,hr,1270.0,Yea
passage,109,hr,739.0,Yea
passage-suspension,109,hres,46.0,Yea
passage,109,hr,3010.0,Nay
passage-suspension,109,hres,57.0,Yea
passage,109,s,256.0,Nay
passage,109,hres,75.0,Nay
passage-suspension,109,hconres,81.0,Nay
passage-suspension,109,hres,547.0,Nay
passage,109,hconres,36.0,Nay
passage,109,hres,559.0,Nay
passage-suspension,109,hr,3422.0,Yea
passage-suspension,109,hjres,59.0,Yea
passage-suspension,109,s,643.0,Yea
passage-suspension,109,hr,4096.0,Yea
passage-suspension,109,hr,3283.0,Nay
passage,109,hr,525.0,Yea
passage-suspension,109,hconres,196.0,Yea
passage-suspension,109,hres,376.0,Nay
passage,109,hres,455.0,Nay
passage,109,hres,437.0,Nay
passage-suspension,109,hconres,294.0,Yea
passage-suspension,109,hconres,275.0,Not Voting
passage-suspension,109,hres,409.0,Yea
passage-suspension,109,hres,308.0,Not Voting
passage-suspension,109,hr,2894.0,Yea
passage-suspension,109,hconres,181.0,Yea
passage-suspension,109,hr,3200.0,Yea
passage-suspension,109,s,467.0,Yea
passage-suspension,109,s,1047.0,Yea
passage-suspension,109,hres,487.0,Yea
passage,109,hres,612.0,Nay
passage,109,hr,6.0,Nay
passage,109,s,1932.0,Nay
passage,109,hres,386.0,Nay
passage-suspension,109,hres,454.0,Yea
passage,109,hr,1815.0,Nay
passage,109,hres,621.0,Nay
passage,109,hr,889.0,Yea
passage-suspension,109,hconres,312.0,Yea
passage,109,hres,623.0,Nay
passage,109,hr,2985.0,Nay
passage,109,hr,2744.0,Yea
passage-suspension,109,hr,3650.0,Yea
passage-suspension,109,hr,2520.0,Yea
passage-suspension,109,hr,744.0,Not Voting
passage-suspension,109,hjres,66.0,Yea
passage-suspension,109,hr,3673.0,Yea
passage-suspension,109,s,276.0,Not Voting
passage-suspension,109,hjres,52.0,Yea
passage,109,hjres,10.0,Nay
passage,109,hres,563.0,Nay
passage-suspension,109,s,544.0,Yea
passage-suspension,109,hres,579.0,Yea
passage-suspension,109,hr,3649.0,Not Voting
passage-suspension,109,hr,3669.0,Yea
passage-suspension,109,hr,438.0,Yea
passage,109,hr,1815.0,Nay
passage-suspension,109,hr,3169.0,Yea
passage-suspension,109,hr,29.0,Not Voting
passage-suspension,109,hr,1224.0,Yea
passage,109,hr,2361.0,Yea
passage-suspension,109,hres,598.0,Yea
passage,109,hjres,27.0,Nay
passage-suspension,109,hres,438.0,Yea
passage,109,hres,610.0,Nay
passage-suspension,109,hres,599.0,Nay
passage-suspension,109,hconres,315.0,Yea
passage-suspension,109,s,45.0,Yea
passage,109,hres,572.0,Nay
passage,109,hr,2475.0,Yea
passage-suspension,109,hr,324.0,Yea
passage,109,hres,538.0,Yea
passage,109,hr,1751.0,Nay
passage-suspension,109,hr,1973.0,Not Voting
passage-suspension,109,hr,3770.0,Not Voting
passage-suspension,109,s,1894.0,Yea
passage-suspension,109,hr,3945.0,Yea
passage-suspension,109,hres,457.0,Yea
passage-suspension,109,hr,3100.0,Nay
passage,109,hres,242.0,Nay
passage-suspension,109,hres,328.0,Yea
passage-suspension,109,hr,1409.0,Yea
passage-suspension,109,hres,101.0,Yea
passage-suspension,109,hr,3895.0,Yea
passage-suspension,109,hconres,34.0,Yea
passage,109,hres,190.0,Yea
passage-suspension,109,hr,3896.0,Yea
passage,109,hres,539.0,Yea
passage,109,hr,3010.0,Nay
passage-suspension,109,hconres,126.0,Yea
passage-suspension,109,hres,208.0,Yea
passage-suspension,109,hconres,260.0,Not Voting
passage-suspension,109,hconres,25.0,Yea
passage,109,hres,540.0,Yea
passage,109,hr,310.0,Nay
passage-suspension,109,hr,627.0,Yea
passage-suspension,109,hres,148.0,Yea
passage,109,hres,481.0,Nay
passage,109,hconres,95.0,Nay
passage,109,hr,2360.0,Nay
passage-suspension,109,hres,120.0,Yea
passage-suspension,109,hres,135.0,Yea
passage,109,hr,742.0,Yea
passage,109,hres,494.0,Nay
passage-suspension,109,s,384.0,Yea
passage-suspension,109,hconres,175.0,Yea
passage-suspension,109,hres,491.0,Yea
passage-suspension,109,hres,356.0,Yea
passage-suspension,109,hr,3989.0,Yea
passage-suspension,109,hconres,230.0,Yea
passage-suspension,109,hres,23.0,Yea
passage-suspension,109,hconres,268.0,Yea
passage-suspension,109,hr,4061.0,Yea
passage,109,hr,3057.0,Yea
passage-suspension,109,hr,548.0,Yea
passage,109,hr,6.0,Not Voting
passage,109,hres,523.0,Not Voting
passage-suspension,109,hconres,26.0,Yea
passage,109,hr,1268.0,Nay
passage,109,hres,470.0,Nay
passage-suspension,109,hconres,5.0,Yea
passage,109,s,397.0,Nay
passage-suspension,109,hres,210.0,Not Voting
passage-suspension,109,hr,3130.0,Yea
passage,109,hr,1185.0,Yea
passage,109,hr,554.0,Yea
passage,109,hr,1279.0,Nay
passage-suspension,109,hconres,6.0,Yea
passage-suspension,109,hres,368.0,Yea
passage,109,hr,4128.0,Yea
passage-suspension,109,hr,3548.0,Yea
passage-suspension,109,hr,1691.0,Yea
passage-suspension,109,hr,120.0,Yea
passage,109,hres,558.0,Yea
passage-suspension,109,hr,1606.0,Nay
passage,109,hr,1065.0,Yea
passage-suspension,109,hres,195.0,Yea
passage-suspension,109,hres,333.0,Yea
passage-suspension,109,hconres,168.0,Yea
passage-suspension,109,hconres,63.0,Yea
passage-suspension,109,hres,388.0,Nay
passage,109,hr,1268.0,Nay
passage-suspension,109,hres,233.0,Yea
passage-suspension,109,hconres,245.0,Nay
passage-suspension,109,hconres,32.0,Yea
passage,109,hres,5.0,Nay
passage-suspension,109,hr,3761.0,Yea
passage,109,hr,250.0,Yea
passage-suspension,109,hconres,16.0,Yea
passage,109,hres,451.0,Nay
passage,109,hr,2419.0,Yea
passage,109,hres,396.0,Nay
passage-suspension,109,hres,282.0,Yea
passage-suspension,109,hr,2326.0,Yea
passage,109,hr,4297.0,Nay
passage,109,hr,2863.0,Yea
passage-suspension,109,hr,4388.0,Yea
passage,109,hr,3010.0,Nay
passage-suspension,109,hres,535.0,Yea
passage-suspension,109,hconres,44.0,Yea
passage-suspension,109,hjres,61.0,Yea
passage-suspension,109,hres,39.0,Yea
passage,109,hres,392.0,Yea
passage,109,hr,3132.0,Nay
passage,109,hr,2528.0,Yea
passage-suspension,109,hres,441.0,Yea
passage-suspension,109,hres,479.0,Yea
passage-suspension,109,hr,2977.0,Yea
passage,109,hr,4340.0,Yea
passage,109,hr,3199.0,Nay
passage-suspension,109,hr,4440.0,Yea
passage,109,hr,3283.0,Nay
passage,109,hr,3058.0,Nay
passage-suspension,109,hres,546.0,Yea
passage-suspension,109,hconres,160.0,Yea
passage-suspension,109,hres,384.0,Yea
passage,109,hr,2862.0,Yea
passage,109,hres,602.0,Nay
passage-suspension,109,hconres,284.0,Yea
passage-suspension,109,sjres,19.0,Yea
passage,109,hr,810.0,Yea
passage,109,hconres,225.0,Not Voting
passage-suspension,109,hres,427.0,Yea
passage,109,hr,2863.0,Nay
passage-suspension,109,hres,534.0,Yea
passage-suspension,109,hres,428.0,Yea
passage-suspension,109,hr,972.0,Yea
passage-suspension,109,hres,326.0,Yea
passage-suspension,109,hres,383.0,Yea
passage-suspension,109,hr,3339.0,Yea
passage,109,hr,2528.0,Yea
passage-suspension,109,hr,3668.0,Yea
passage-suspension,109,hres,575.0,Yea
passage-suspension,109,hconres,209.0,Yea
passage-suspension,109,sconres,26.0,Not Voting
passage-suspension,109,hr,2520.0,Yea
passage,109,hr,3.0,Yea
passage,109,hres,462.0,Nay
passage-suspension,109,hres,360.0,Yea
passage,109,hres,639.0,Nay
passage-suspension,109,hconres,149.0,Not Voting
passage-suspension,109,hr,787.0,Yea
passage,109,hr,740.0,Nay
passage-suspension,109,hres,492.0,Yea
passage,109,hres,241.0,Yea
passage-suspension,109,hres,122.0,Yea
passage-suspension,109,hr,3853.0,Yea
passage-suspension,109,hr,2107.0,Yea
passage-suspension,109,hr,541.0,Yea
passage-suspension,109,hconres,191.0,Yea
passage,109,hr,2360.0,Yea
passage-suspension,109,hres,276.0,Yea
passage-suspension,109,s,686.0,Not Voting
passage-suspension,109,hr,856.0,Yea
passage-suspension,109,hres,302.0,Not Voting
passage-suspension,109,hconres,155.0,Yea
passage-suspension,109,hjres,20.0,Yea
passage,109,hr,2862.0,Nay
passage-suspension,109,hr,1564.0,Yea
passage-suspension,109,hr,458.0,Yea
passage-suspension,109,hres,444.0,Not Voting
passage-suspension,109,hres,91.0,Yea
passage,109,hr,2864.0,Yea
passage-suspension,109,hr,3894.0,Yea
passage-suspension,109,hres,108.0,Yea
passage,109,hr,3.0,Yea
passage-suspension,109,hres,266.0,Yea
passage-suspension,109,hr,135.0,Yea
passage-suspension,109,hres,364.0,Yea
passage-suspension,109,hres,133.0,Yea
passage-suspension,109,hconres,248.0,Yea
passage-suspension,109,hr,1463.0,Yea
passage,109,hr,741.0,Nay
passage-suspension,109,hr,3549.0,Yea
passage-suspension,109,hr,323.0,Yea
passage,109,s,5.0,Nay
passage,109,hr,2419.0,Yea
passage-suspension,109,hres,38.0,Not Voting
passage-suspension,109,hjres,19.0,Yea
passage-suspension,109,hres,199.0,Yea
passage,109,hres,553.0,Nay
passage,109,hr,418.0,Nay
passage-suspension,110,hr,5517.0,Yea
passage,110,hres,1001.0,Yea
passage,110,hres,1084.0,Not Voting
passage-suspension,110,hres,923.0,Not Voting
passage-suspension,110,hr,3936.0,Yea
passage-suspension,110,hr,2464.0,Yea
passage-suspension,110,hres,1370.0,Yea
passage-suspension,110,hres,986.0,Yea
passage,110,hr,3999.0,Yea
passage-suspension,110,hres,909.0,Yea
passage,110,hres,1253.0,Yea
passage-suspension,110,hconres,318.0,Yea
passage-suspension,110,hres,954.0,Yea
passage,110,hconres,398.0,Yea
passage-suspension,110,hr,1143.0,Yea
passage-suspension,110,hconres,295.0,Yea
passage,110,hr,6599.0,Yea
passage-suspension,110,hr,6074.0,Yea
passage-suspension,110,hres,1008.0,Yea
passage-suspension,110,hconres,390.0,Yea
passage,110,hr,2768.0,Yea
passage-suspension,110,hr,3196.0,Yea
passage-suspension,110,hr,4211.0,Yea
passage-suspension,110,hres,933.0,Yea
passage-suspension,110,hr,5563.0,Yea
passage-suspension,110,hr,2192.0,Yea
passage-suspension,110,hres,1021.0,Yea
passage,110,hr,5140.0,Yea
passage-suspension,110,hres,1063.0,Yea
passage-suspension,110,hr,1311.0,Yea
passage-suspension,110,hr,6028.0,Yea
passage-suspension,110,hconres,281.0,Yea
passage-suspension,110,hconres,138.0,Not Voting
passage,110,hres,1065.0,Yea
passage,110,hr,5501.0,Yea
passage,110,hr,415.0,Yea
passage,110,hres,1218.0,Yea
passage-suspension,110,hr,4454.0,Yea
passage-suspension,110,s,793.0,Yea
passage-suspension,110,hres,1114.0,Not Voting
passage,110,hres,1036.0,Yea
passage-suspension,110,hres,866.0,Yea
passage-suspension,110,hres,537.0,Yea
passage-suspension,110,hr,6889.0,Yea
passage-suspension,110,hr,4986.0,Nay
passage,110,hr,1424.0,Yea
passage-suspension,110,hres,1144.0,Yea
passage-suspension,110,hres,1316.0,Yea
passage-suspension,110,hres,867.0,Yea
passage,110,hconres,355.0,Yea
passage,110,hres,1433.0,Yea
passage-suspension,110,hr,6983.0,Yea
veto-override,110,hr,6124.0,Yea
passage,110,hr,5781.0,Yea
passage,110,hr,6063.0,Yea
passage,110,hres,1175.0,Yea
passage,110,hr,3036.0,Yea
passage-suspension,110,hres,1067.0,Yea
passage-suspension,110,hr,1423.0,Yea
passage-suspension,110,hres,1079.0,Yea
passage-suspension,110,hr,7221.0,Yea
passage,110,hres,1318.0,Yea
passage-suspension,110,hr,6045.0,Yea
passage,110,hres,1317.0,Yea
passage-suspension,110,hconres,297.0,Yea
passage-suspension,110,hr,6331.0,Yea
passage,110,hres,1533.0,Yea
passage,110,hr,7060.0,Yea
passage-suspension,110,s,3197.0,Yea
passage,110,hres,1125.0,Yea
passage-suspension,110,s,3641.0,Yea
passage-suspension,110,hr,6460.0,Not Voting
passage-suspension,110,hr,3658.0,Yea
passage-suspension,110,hres,1275.0,Yea
passage-suspension,110,hr,6897.0,Not Voting
passage-suspension,110,hres,952.0,Yea
passage,110,hres,1284.0,Yea
passage,110,hconres,379.0,Yea
passage-suspension,110,hr,6867.0,Yea
passage-suspension,110,hres,1259.0,Yea
passage,110,hres,1502.0,Yea
passage-suspension,110,hres,921.0,Yea
passage-suspension,110,hr,4199.0,Yea
passage-suspension,110,hconres,255.0,Yea
passage-suspension,110,hres,912.0,Yea
passage-suspension,110,hr,4332.0,Yea
passage-suspension,110,hres,1080.0,Yea
passage-suspension,110,hr,831.0,Yea
passage-suspension,110,hr,6707.0,Yea
passage-suspension,110,hr,3546.0,Yea
passage-suspension,110,s,3325.0,Yea
passage-suspension,110,hr,6251.0,Yea
passage-suspension,110,hres,1090.0,Yea
passage,110,hres,1167.0,Yea
passage,110,hr,3195.0,Yea
passage,110,hres,1500.0,Yea
passage-suspension,110,hr,5613.0,Yea
passage,110,hres,1503.0,Yea
passage-suspension,110,hr,5803.0,Yea
passage,110,hr,2176.0,Yea
passage-suspension,110,hres,1029.0,Yea
passage-suspension,110,hr,758.0,Yea
passage,110,hres,1488.0,Yea
passage-suspension,110,hres,1235.0,Yea
passage-suspension,110,hr,6358.0,Yea
passage-suspension,110,hconres,308.0,Yea
passage-suspension,110,hr,6460.0,Yea
passage-suspension,110,hr,6377.0,Yea
passage-suspension,110,hr,5151.0,Yea
passage,110,hres,1298.0,Yea
passage-suspension,110,hr,7081.0,Nay
passage-suspension,110,hr,5715.0,Yea
passage-suspension,110,s,2606.0,Yea
passage-suspension,110,hres,977.0,Yea
passage-suspension,110,hr,5749.0,Yea
passage-suspension,110,s,3001.0,Nay
passage,110,hres,1490.0,Not Voting
passage-suspension,110,hres,1133.0,Yea
passage-suspension,110,hr,6604.0,Yea
passage-suspension,110,hconres,283.0,Yea
passage,110,hr,2642.0,Yea
passage,110,hres,956.0,Yea
passage,110,hres,1189.0,Yea
passage-suspension,110,hr,1527.0,Yea
passage-suspension,110,hr,5872.0,Yea
passage-suspension,110,hres,924.0,Yea
passage-suspension,110,hres,937.0,Yea
passage,110,hres,1190.0,Yea
passage,110,hres,1083.0,Yea
passage-suspension,110,hres,978.0,Yea
passage-suspension,110,hr,3058.0,Yea
passage,110,hconres,312.0,Yea
passage-suspension,110,hr,5669.0,Yea
passage,110,hres,1367.0,Yea
passage-suspension,110,hr,2675.0,Yea
passage-suspension,110,hres,886.0,Yea
passage-suspension,110,hres,963.0,Yea
passage-suspension,110,hres,1311.0,Yea
passage-suspension,110,hr,5472.0,Yea
passage-suspension,110,hres,951.0,Yea
passage-suspension,110,hres,1243.0,Yea
passage,110,hres,1214.0,Yea
passage-suspension,110,hres,1202.0,Yea
passage-suspension,110,hres,994.0,Yea
passage,110,hr,3667.0,Not Voting
passage,110,hres,1419.0,Yea
passage,110,hres,1388.0,Yea
passage-suspension,110,hr,406.0,Yea
passage-suspension,110,hconres,344.0,Yea
passage-suspension,110,hr,4081.0,Not Voting
passage-suspension,110,hres,1173.0,Yea
passage,110,hres,1031.0,Yea
passage-suspension,110,s,2617.0,Yea
passage-suspension,110,hr,4848.0,Yea
passage-suspension,110,hr,6445.0,Yea
passage,110,hr,2642.0,Nay
passage-suspension,110,hres,1225.0,Yea
passage-suspension,110,hr,3548.0,Yea
passage-suspension,110,hres,966.0,Yea
passage-suspension,110,hconres,302.0,Yea
passage-suspension,110,hr,6493.0,Yea
passage-suspension,110,hr,5489.0,Yea
passage-suspension,110,hconres,278.0,Yea
passage-suspension,110,hres,790.0,Yea
passage-suspension,110,hr,1343.0,Yea
passage,110,hr,5540.0,Yea
passage-suspension,110,hres,972.0,Yea
passage-suspension,110,hres,917.0,Yea
passage,110,hres,1233.0,Yea
passage,110,hres,1344.0,Yea
passage-suspension,110,hr,3352.0,Yea
passage-suspension,110,hr,6081.0,Yea
passage-suspension,110,s,2403.0,Not Voting
passage-suspension,110,s,2135.0,Not Voting
veto-override,110,hr,3963.0,Yea
passage,110,hconres,316.0,Yea
passage-suspension,110,hr,6022.0,Yea
passage-suspension,110,hr,5140.0,Yea
passage-suspension,110,hr,6124.0,Yea
passage-suspension,110,s,2272.0,Yea
passage-suspension,110,hjres,70.0,Yea
passage-suspension,110,hres,944.0,Yea
passage,110,hres,1107.0,Yea
passage-suspension,110,hres,1077.0,Not Voting
passage-suspension,110,hres,1194.0,Yea
passage,110,hr,4137.0,Yea
passage-suspension,110,hconres,336.0,Yea
passage-suspension,110,hr,2490.0,Yea
passage-suspension,110,hconres,310.0,Yea
passage-suspension,110,hres,1296.0,Yea
passage,110,hres,1212.0,Yea
passage-suspension,110,hr,4140.0,Yea
passage,110,hres,1384.0,Yea
passage-suspension,110,hres,1181.0,Yea
passage-suspension,110,s,2733.0,Yea
passage-suspension,110,s,2837.0,Not Voting
passage-suspension,110,hres,936.0,Yea
passage,110,hr,3221.0,Yea
passage-suspension,110,hr,6633.0,Present
passage-suspension,110,s,2110.0,Yea
passage-suspension,110,hr,4008.0,Yea
passage-suspension,110,hr,2744.0,Yea
passage,110,hr,2642.0,Yea
passage-suspension,110,hr,5400.0,Yea
passage-suspension,110,hres,127.0,Yea
passage,110,hres,1368.0,Yea
passage-suspension,110,hr,6113.0,Yea
passage-suspension,110,hres,1005.0,Yea
passage-suspension,110,hres,947.0,Yea
passage,110,hres,1103.0,Yea
passage-suspension,110,hres,930.0,Yea
passage,110,hr,5351.0,Yea
passage,110,hr,4847.0,Not Voting
passage-suspension,110,hres,1421.0,Not Voting
passage,110,hres,1534.0,Yea
passage-suspension,110,hr,3981.0,Yea
passage-suspension,110,hr,6950.0,Yea
passage-suspension,110,hr,3329.0,Yea
passage,110,hr,1424.0,Yea
passage-suspension,110,hr,1195.0,Yea
passage,110,hconres,440.0,Yea
passage-suspension,110,hres,1051.0,Yea
passage-suspension,110,hr,2964.0,Yea
passage-suspension,110,hr,5352.0,Not Voting
passage,110,hres,1174.0,Yea
passage-suspension,110,sjres,45.0,Yea
passage-suspension,110,s,2146.0,Yea
passage-suspension,110,hr,1907.0,Yea
passage-suspension,110,hr,5710.0,Yea
passage-suspension,110,hres,1002.0,Yea
passage,110,hres,1157.0,Yea
passage-suspension,110,hr,6184.0,Yea
passage-suspension,110,hconres,322.0,Yea
passage,110,hres,1525.0,Yea
passage-suspension,110,hres,1098.0,Yea
passage-suspension,110,s,2739.0,Yea
passage-suspension,110,hr,6346.0,Yea
passage,110,hr,5811.0,Yea
passage,110,hres,1441.0,Yea
passage-suspension,110,hr,6685.0,Yea
passage,110,hr,5749.0,Yea
passage-suspension,110,hr,642.0,Yea
passage-suspension,110,hr,3702.0,Yea
passage-suspension,110,hr,6853.0,Yea
passage,110,hres,1265.0,Yea
passage,110,hr,6304.0,Nay
passage-suspension,110,hres,1335.0,Yea
passage-suspension,110,hres,1230.0,Yea
passage-suspension,110,hconres,372.0,Yea
passage-suspension,110,hr,7005.0,Yea
passage,110,hres,1257.0,Yea
passage,110,hres,1514.0,Yea
passage,110,hres,1507.0,Yea
passage,110,hr,5715.0,Yea
passage,110,hres,1297.0,Yea
passage,110,hr,7110.0,Yea
passage-suspension,110,hres,1291.0,Not Voting
passage-suspension,110,hr,4120.0,Yea
passage-suspension,110,hres,1323.0,Yea
passage-suspension,110,s,906.0,Yea
passage,110,hres,1304.0,Yea
passage,110,hr,2638.0,Yea
passage,110,hr,6003.0,Yea
passage-suspension,110,hres,1242.0,Yea
passage-suspension,110,hr,7006.0,Yea
passage,110,hr,2642.0,Nay
passage-suspension,110,s,2339.0,Yea
passage-suspension,110,hr,1553.0,Yea
passage,110,hr,493.0,Yea
passage,110,hres,1343.0,Yea
veto-override,110,hr,6331.0,Yea
passage-suspension,110,s,2840.0,Not Voting
passage-suspension,110,hres,981.0,Yea
passage,110,hres,1339.0,Yea
passage-suspension,110,hres,1097.0,Yea
passage-suspension,110,s,1046.0,Yea
passage,110,hr,3221.0,Yea
passage-suspension,110,hres,991.0,Yea
passage-suspension,110,hr,5826.0,Yea
passage,110,hr,3773.0,Yea
passage-suspension,110,hres,960.0,Yea
passage-suspension,110,hr,5940.0,Yea
passage-suspension,110,hr,4774.0,Yea
passage-suspension,110,s,2571.0,Yea
passage,110,hr,3021.0,Yea
passage-suspension,110,hres,1038.0,Yea
passage-suspension,110,hconres,289.0,Yea
veto-override,110,hr,2419.0,Yea
passage-suspension,110,hr,816.0,Yea
passage-suspension,110,hres,942.0,Yea
passage,110,hr,4137.0,Yea
passage-suspension,110,hres,1134.0,Yea
passage-suspension,110,hr,4040.0,Yea
passage-suspension,110,hres,948.0,Yea
passage-suspension,110,hr,6630.0,Yea
passage-suspension,110,hres,1420.0,Yea
passage,110,hres,1197.0,Yea
passage-suspension,110,hres,1069.0,Yea
passage-suspension,110,hr,6515.0,Yea
passage-suspension,110,hr,4191.0,Yea
passage-suspension,110,hr,3819.0,Yea
passage,110,hres,1092.0,Yea
passage-suspension,110,hr,4169.0,Yea
passage-suspension,110,hr,1834.0,Yea
passage,110,hres,1014.0,Yea
passage-suspension,110,hr,5856.0,Yea
passage,110,sconres,70.0,Yea
passage-suspension,110,hr,6545.0,Yea
passage,110,hres,1041.0,Yea
passage-suspension,110,hr,6532.0,Yea
passage-suspension,110,hconres,286.0,Yea
passage-suspension,110,hr,5036.0,Yea
passage,110,hres,1234.0,Yea
passage-suspension,110,hr,6578.0,Yea
passage-suspension,110,hr,5614.0,Yea
veto-override,110,hr,2082.0,Yea
passage-suspension,110,hres,1307.0,Yea
passage-suspension,110,hr,6532.0,Yea
passage-suspension,110,hr,6168.0,Yea
passage-suspension,110,hr,4166.0,Yea
passage-suspension,110,hr,1108.0,Yea
passage-suspension,110,hres,1200.0,Yea
passage-suspension,110,hres,493.0,Yea
passage-suspension,110,hres,1176.0,Yea
passage-suspension,110,hres,943.0,Yea
passage-suspension,110,hconres,35.0,Yea
passage-suspension,110,hres,851.0,Yea
passage,110,hres,270.0,Yea
passage-suspension,110,hres,233.0,Yea
passage,110,hres,765.0,Yea
passage-suspension,110,hr,759.0,Yea
passage-suspension,110,hres,856.0,Yea
passage-suspension,110,hres,738.0,Yea
passage-suspension,110,hr,3678.0,Yea
passage,110,hres,242.0,Yea
passage-suspension,110,hr,3985.0,Yea
passage-suspension,110,hres,52.0,Yea
passage,110,hr,985.0,Yea
passage-suspension,110,hr,400.0,Yea
passage-suspension,110,hr,434.0,Yea
passage-suspension,110,hres,89.0,Yea
passage,110,hr,4156.0,Yea
passage,110,hres,580.0,Yea
passage-suspension,110,hres,371.0,Yea
passage-suspension,110,hr,85.0,Yea
passage,110,hres,846.0,Yea
passage-suspension,110,hres,43.0,Yea
passage,110,hres,601.0,Yea
passage-suspension,110,hr,2750.0,Yea
passage-suspension,110,hr,236.0,Yea
passage-suspension,110,hres,15.0,Yea
passage,110,hres,202.0,Yea
passage-suspension,110,hr,1025.0,Yea
passage,110,hr,986.0,Yea
passage,110,hr,4351.0,Yea
passage,110,hr,475.0,Yea
passage-suspension,110,hr,390.0,Yea
passage,110,hres,734.0,Yea
passage-suspension,110,hconres,5.0,Yea
passage,110,hjres,69.0,Yea
passage-suspension,110,hr,482.0,Yea
passage,110,hr,2895.0,Yea
passage-suspension,110,hconres,151.0,Yea
passage-suspension,110,hres,94.0,Yea
passage,110,hres,742.0,Yea
passage-suspension,110,hr,1955.0,Yea
passage-suspension,110,hr,407.0,Yea
passage,110,hr,700.0,Yea
passage,110,hres,602.0,Yea
passage-suspension,110,hr,3791.0,Yea
passage-suspension,110,hconres,31.0,Yea
passage-suspension,110,hres,136.0,Yea
passage,110,hres,377.0,Yea
passage,110,hr,2831.0,Yea
passage,110,hr,2206.0,Yea
passage,110,hr,1.0,Yea
passage-suspension,110,hres,95.0,Yea
passage-suspension,110,hres,64.0,Yea
passage-suspension,110,hr,4253.0,Yea
passage,110,hr,3043.0,Yea
passage-suspension,110,hr,1434.0,Yea
passage,110,hr,3996.0,Yea
passage-suspension,110,hr,3020.0,Yea
passage-suspension,110,hr,67.0,Yea
passage-suspension,110,hr,3096.0,Yea
passage-suspension,110,hres,430.0,Yea
passage,110,hr,2761.0,Yea
passage,110,hres,327.0,Yea
passage,110,hr,3222.0,Nay
passage-suspension,110,hr,3495.0,Yea
passage-suspension,110,hres,397.0,Yea
passage-suspension,110,hr,556.0,Yea
passage-suspension,110,hres,334.0,Yea
passage-suspension,110,hr,3320.0,Yea
passage,110,hres,5.0,Yea
passage-suspension,110,hr,3224.0,Yea
passage-suspension,110,hr,3446.0,Yea
passage,110,s,5.0,Yea
passage-suspension,110,hres,196.0,Yea
passage,110,hconres,99.0,Yea
passage-suspension,110,hr,986.0,Yea
passage-suspension,110,hres,422.0,Yea
passage-suspension,110,hconres,112.0,Yea
passage-suspension,110,hr,3997.0,Yea
passage-suspension,110,hres,811.0,Yea
passage,110,hres,438.0,Yea
veto-override,110,hr,1591.0,Yea
passage,110,hr,2317.0,Yea
passage-suspension,110,hr,694.0,Yea
passage,110,hres,318.0,Yea
passage,110,hres,437.0,Yea
passage,110,hr,2956.0,Yea
passage-suspension,110,hres,812.0,Yea
passage-suspension,110,hr,3580.0,Yea
passage-suspension,110,hres,451.0,Yea
passage-suspension,110,hr,1402.0,Yea
passage-suspension,110,hr,612.0,Yea
passage,110,hconres,103.0,Yea
passage-suspension,110,hres,778.0,Yea
passage-suspension,110,hr,3307.0,Yea
passage-suspension,110,hr,1677.0,Yea
passage-suspension,110,hres,573.0,Yea
passage,110,hr,2641.0,Yea
passage,110,s,1927.0,Nay
passage,110,hr,2262.0,Yea
passage,110,hres,599.0,Yea
passage-suspension,110,hr,632.0,Yea
passage,110,hr,1591.0,Yea
passage-suspension,110,hres,544.0,Yea
passage-suspension,110,hres,663.0,Yea
passage,110,hr,2829.0,Yea
passage-suspension,110,hr,964.0,Yea
passage-suspension,110,hconres,193.0,Yea
passage-suspension,110,hconres,236.0,Yea
passage-suspension,110,hres,257.0,Not Voting
passage-suspension,110,hr,1980.0,Yea
passage,110,hr,362.0,Yea
passage,110,hres,531.0,Yea
passage-suspension,110,hres,584.0,Yea
passage-suspension,110,hr,2429.0,Yea
passage,110,hr,3688.0,Nay
passage,110,hr,1538.0,Yea
passage-suspension,110,hr,513.0,Yea
passage-suspension,110,hres,418.0,Yea
passage,110,hr,1592.0,Yea
passage-suspension,110,hconres,210.0,Yea
passage-suspension,110,hres,526.0,Yea
passage-suspension,110,hres,119.0,Yea
passage-suspension,110,hr,1252.0,Yea
passage,110,hr,2669.0,Yea
passage,110,hres,429.0,Yea
passage-suspension,110,hr,1982.0,Yea
passage-suspension,110,hr,719.0,Yea
passage-suspension,110,hres,508.0,Yea
passage,110,hr,3043.0,Yea
passage-suspension,110,hres,548.0,Yea
passage,110,hres,633.0,Yea
passage,110,hr,3685.0,Nay
passage-suspension,110,hr,1716.0,Yea
passage-suspension,110,hr,957.0,Yea
passage-suspension,110,hr,3087.0,Nay
passage-suspension,110,hres,58.0,Yea
veto-override,110,hr,3043.0,Yea
passage,110,hres,382.0,Yea
passage,110,hres,387.0,Yea
passage-suspension,110,hconres,203.0,Yea
passage,110,hres,682.0,Yea
passage,110,hr,3093.0,Yea
passage,110,hconres,259.0,Yea
passage-suspension,110,hres,189.0,Yea
passage-suspension,110,hr,2761.0,Yea
passage,110,hres,404.0,Yea
passage,110,hres,239.0,Yea
passage,110,hres,704.0,Yea
passage,110,hr,6.0,Yea
passage-suspension,110,hres,680.0,Yea
passage-suspension,110,hres,222.0,Yea
passage-suspension,110,hr,2929.0,Yea
passage-suspension,110,hr,521.0,Yea
passage,110,hr,2095.0,Yea
passage-suspension,110,hr,3793.0,Yea
passage-suspension,110,hr,545.0,Yea
passage-suspension,110,hconres,21.0,Yea
passage-suspension,110,hr,3690.0,Yea
passage-suspension,110,hr,1130.0,Yea
passage-suspension,110,hres,134.0,Yea
passage-suspension,110,hr,634.0,Yea
passage-suspension,110,hconres,187.0,Yea
passage-suspension,110,hr,327.0,Yea
passage-suspension,110,hr,1124.0,Yea
passage-suspension,110,hr,4040.0,Yea
passage-suspension,110,hconres,44.0,Yea
passage-suspension,110,hr,2359.0,Yea
passage,110,hr,2764.0,Yea
passage-suspension,110,hres,82.0,Yea
passage-suspension,110,hr,1830.0,Yea
passage,110,hr,2771.0,Yea
passage-suspension,110,hres,635.0,Yea
passage-suspension,110,hr,3248.0,Yea
passage-suspension,110,hres,149.0,Yea
passage,110,hr,5.0,Yea
passage-suspension,110,hr,3998.0,Yea
passage,110,hr,3121.0,Yea
passage,110,hr,2643.0,Yea
passage,110,hr,3162.0,Yea
passage-suspension,110,hr,3887.0,Yea
passage,110,hr,569.0,Yea
passage-suspension,110,hr,2722.0,Yea
passage-suspension,110,hr,3325.0,Yea
passage-suspension,110,hres,345.0,Yea
passage-suspension,110,hr,4286.0,Yea
passage-suspension,110,hres,90.0,Yea
passage-suspension,110,s,2499.0,Yea
passage-suspension,110,hres,122.0,Yea
passage-suspension,110,hres,223.0,Yea
passage-suspension,110,hr,2284.0,Yea
passage,110,hres,746.0,Yea
passage-suspension,110,hr,49.0,Yea
passage,110,hres,861.0,Yea
passage-suspension,110,hr,923.0,Yea
passage-suspension,110,hres,385.0,Yea
passage-suspension,110,hr,3996.0,Yea
passage-suspension,110,hr,1284.0,Yea
passage,110,hr,6.0,Yea
passage,110,hres,261.0,Yea
passage-suspension,110,hres,228.0,Yea
passage-suspension,110,hres,57.0,Yea
passage-suspension,110,hr,1808.0,Yea
passage-suspension,110,hr,2085.0,Yea
passage-suspension,110,s,2271.0,Yea
passage,110,hres,703.0,Yea
passage-suspension,110,hr,740.0,Yea
passage,110,hres,78.0,Yea
passage-suspension,110,hres,642.0,Yea
passage-suspension,110,hconres,47.0,Yea
passage,110,hr,3074.0,Yea
passage-suspension,110,hres,590.0,Yea
passage-suspension,110,hr,1595.0,Yea
passage-suspension,110,hr,4120.0,Yea
passage,110,hr,2207.0,Yea
passage-suspension,110,hr,755.0,Yea
passage-suspension,110,hconres,200.0,Yea
passage,110,hr,1495.0,Yea
passage-suspension,110,hres,822.0,Yea
passage,110,hres,229.0,Yea
passage-suspension,110,hr,180.0,Yea
passage-suspension,110,s,1.0,Yea
passage,110,hr,720.0,Yea
passage,110,sconres,21.0,Yea
passage-suspension,110,hres,39.0,Yea
passage-suspension,110,hconres,42.0,Yea
passage-suspension,110,hr,2089.0,Yea
passage-suspension,110,hr,2264.0,Yea
passage-suspension,110,hr,161.0,Yea
passage,110,hres,269.0,Yea
passage,110,hconres,271.0,Yea
passage,110,hres,859.0,Yea
passage-suspension,110,hr,476.0,Yea
passage,110,hres,741.0,Yea
passage-suspension,110,hr,839.0,Yea
passage,110,hr,1585.0,Nay
passage,110,hr,6.0,Yea
passage-suspension,110,hres,138.0,Yea
passage-suspension,110,hr,599.0,Yea
passage,110,hres,719.0,Yea
passage-suspension,110,hr,365.0,Yea
passage,110,hres,878.0,Yea
passage,110,hr,928.0,Yea
passage-suspension,110,hr,3505.0,Yea
passage-suspension,110,hres,61.0,Yea
passage-suspension,110,hr,2546.0,Yea
passage,110,hres,579.0,Yea
passage,110,hres,370.0,Yea
passage-suspension,110,hr,2828.0,Yea
passage-suspension,110,hr,2347.0,Yea
passage-suspension,110,hr,2517.0,Yea
passage,110,hr,976.0,Yea
passage-suspension,110,hr,884.0,Yea
passage,110,hres,818.0,Yea
passage-suspension,110,hres,557.0,Yea
passage-suspension,110,hres,29.0,Yea
passage-suspension,110,hres,120.0,Yea
passage-suspension,110,s,214.0,Yea
passage-suspension,110,hres,62.0,Yea
passage-suspension,110,hr,386.0,Yea
passage-suspension,110,hres,266.0,Yea
passage,110,hres,873.0,Yea
passage-suspension,110,hr,658.0,Yea
passage-suspension,110,hres,51.0,Yea
passage,110,hres,254.0,Yea
passage,110,hres,403.0,Yea
passage-suspension,110,s,1104.0,Yea
passage-suspension,110,hr,20.0,Yea
passage-suspension,110,s,676.0,Yea
passage-suspension,110,hres,553.0,Yea
passage,110,hr,3161.0,Yea
passage-suspension,110,hconres,76.0,Yea
passage-suspension,110,hr,3678.0,Yea
passage-suspension,110,hres,293.0,Yea
passage,110,hr,65.0,Yea
passage,110,hres,317.0,Yea
passage,110,hres,600.0,Yea
passage-suspension,110,hconres,100.0,Yea
passage,110,hr,3920.0,Yea
passage,110,hr,3043.0,Yea
passage-suspension,110,hr,2239.0,Yea
passage-suspension,110,hr,3461.0,Yea
passage-suspension,110,hres,482.0,Yea
passage-suspension,110,hr,3315.0,Yea
passage-suspension,110,hres,179.0,Yea
passage,110,hres,533.0,Yea
passage-suspension,110,hr,2199.0,Yea
veto-override,110,hr,1495.0,Yea
passage-suspension,110,hr,2900.0,Yea
passage,110,hres,348.0,Yea
passage-suspension,110,s,1701.0,Yea
passage,110,hres,809.0,Yea
passage,110,hres,615.0,Yea
passage-suspension,110,hr,404.0,Yea
passage-suspension,110,hres,273.0,Yea
passage-suspension,110,hr,3311.0,Yea
passage-suspension,110,hr,3356.0,Yea
passage-suspension,110,hres,519.0,Yea
passage-suspension,110,hres,300.0,Yea
passage-suspension,110,hjres,58.0,Yea
passage-suspension,110,hr,2356.0,Yea
passage-suspension,110,hres,747.0,Yea
passage-suspension,110,hres,306.0,Yea
passage-suspension,110,hres,379.0,Yea
passage,110,hres,350.0,Yea
passage,110,hr,2206.0,Yea
passage-suspension,110,hr,1337.0,Nay
passage-suspension,110,hres,298.0,Yea
passage-suspension,110,hres,243.0,Yea
passage,110,hres,664.0,Yea
passage-suspension,110,hconres,162.0,Yea
passage,110,hr,1851.0,Yea
passage-suspension,110,hr,1593.0,Yea
passage-suspension,110,hr,1470.0,Yea
passage,110,hres,794.0,Yea
passage-suspension,110,hr,3403.0,Yea
passage-suspension,110,hres,467.0,Yea
passage-suspension,110,hres,552.0,Yea
passage-suspension,110,hr,493.0,Yea
passage-suspension,110,hconres,7.0,Yea
passage,110,hres,452.0,Yea
passage-suspension,110,hr,1657.0,Yea
passage-suspension,110,hres,320.0,Yea
passage-suspension,110,hr,2560.0,Yea
passage,110,hres,637.0,Yea
passage-suspension,110,hr,1400.0,Yea
passage-suspension,110,hres,299.0,Yea
passage,110,hres,547.0,Yea
passage-suspension,110,hres,668.0,Yea
passage-suspension,110,hres,643.0,Not Voting
passage,110,hr,3222.0,Yea
passage-suspension,110,hr,1722.0,Yea
passage-suspension,110,hr,980.0,Yea
passage,110,hr,363.0,Yea
passage,110,hr,2786.0,Yea
passage,110,hr,1429.0,Yea
passage,110,hres,275.0,Yea
passage,110,hres,274.0,Yea
passage-suspension,110,hres,474.0,Yea
passage,110,hr,2776.0,Yea
passage-suspension,110,hr,2563.0,Yea
passage,110,hr,1906.0,Yea
passage,110,hr,249.0,Yea
passage-suspension,110,hr,3246.0,Yea
passage-suspension,110,hr,1199.0,Yea
passage-suspension,110,hr,799.0,Yea
passage-suspension,110,hr,2399.0,Yea
passage-suspension,110,hr,3845.0,Yea
passage-suspension,110,hres,340.0,Yea
passage,110,hres,636.0,Yea
passage-suspension,110,hres,289.0,Yea
passage,110,hres,453.0,Yea
passage-suspension,110,hr,3527.0,Yea
passage-suspension,110,hres,629.0,Yea
passage-suspension,110,hr,1678.0,Yea
passage,110,hres,793.0,Yea
passage,110,hr,1495.0,Yea
passage,110,hres,774.0,Yea
passage,110,hr,505.0,Yea
passage,110,hr,2638.0,Yea
passage-suspension,110,hres,744.0,Yea
passage,110,hr,835.0,Yea
passage,110,hr,3963.0,Yea
passage,110,hr,2642.0,Yea
passage-suspension,110,hr,580.0,Yea
passage,110,hconres,63.0,Yea
passage-suspension,110,hr,698.0,Yea
passage-suspension,110,hres,847.0,Yea
passage-suspension,110,hr,1254.0,Yea
passage-suspension,110,hr,1700.0,Yea
passage,110,hr,3246.0,Yea
passage,110,sconres,21.0,Yea
passage-suspension,110,hr,4343.0,Yea
passage-suspension,110,hr,2295.0,Yea
passage-suspension,110,hr,523.0,Yea
passage-suspension,110,hr,835.0,Yea
passage,110,hr,2764.0,Nay
passage-suspension,110,hr,802.0,Yea
passage,110,hr,2764.0,Not Voting
passage-suspension,110,hconres,20.0,Yea
passage-suspension,110,hr,189.0,Yea
passage,110,hres,877.0,Yea
passage-suspension,110,hres,59.0,Yea
passage-suspension,110,hr,692.0,Yea
passage-suspension,110,hr,327.0,Yea
passage-suspension,110,hres,884.0,Yea
passage-suspension,110,hr,4136.0,Yea
passage-suspension,110,hr,497.0,Yea
passage,110,hres,383.0,Yea
passage,110,hr,3567.0,Yea
passage-suspension,110,hr,176.0,Yea
passage-suspension,110,hres,837.0,Yea
passage-suspension,110,hconres,185.0,Yea
passage-suspension,110,hconres,52.0,Yea
passage-suspension,110,hres,549.0,Yea
veto-override,110,hr,976.0,Yea
passage-suspension,110,hres,32.0,Yea
passage-suspension,110,hr,797.0,Yea
passage-suspension,110,hres,542.0,Yea
passage-suspension,110,hr,916.0,Yea
passage-suspension,110,hconres,66.0,Yea
passage-suspension,110,hconres,34.0,Yea
passage-suspension,110,hres,762.0,Yea
passage-suspension,110,hconres,182.0,Yea
passage,110,hr,1591.0,Yea
passage-suspension,110,hconres,254.0,Yea
passage-suspension,110,hres,24.0,Yea
passage-suspension,110,hr,1773.0,Yea
passage,110,hres,862.0,Yea
passage-suspension,110,hconres,222.0,Yea
passage-suspension,110,hr,1309.0,Yea
passage-suspension,110,hr,437.0,Yea
passage-suspension,110,hr,137.0,Yea
passage-suspension,110,hr,1255.0,Yea
passage,110,hr,3074.0,Yea
passage-suspension,110,hres,842.0,Yea
passage-suspension,110,hr,1425.0,Yea
passage-suspension,110,hconres,147.0,Yea
passage,110,hres,824.0,Yea
passage,110,hres,574.0,Yea
passage,110,hr,2693.0,Yea
passage-suspension,110,hr,710.0,Yea
passage,110,hr,2764.0,Yea
passage,110,hr,3915.0,Yea
passage-suspension,110,hr,995.0,Yea
passage-suspension,110,hr,2276.0,Yea
passage-suspension,110,hr,890.0,Yea
passage-suspension,110,hres,98.0,Yea
passage-suspension,111,hres,47.0,Yea
passage-suspension,111,hr,479.0,Yea
passage,111,hr,1105.0,Yea
passage-suspension,111,hr,911.0,Yea
passage-suspension,111,hr,1679.0,Yea
passage,111,hres,645.0,Yea
passage-suspension,111,hr,3137.0,Yea
passage,111,hr,146.0,Yea
passage-suspension,111,hres,56.0,Yea
passage-suspension,111,s,1599.0,Yea
passage,111,hres,53.0,Yea
passage-suspension,111,hr,2729.0,Yea
passage-suspension,111,hconres,151.0,Yea
passage,111,hr,1256.0,Yea
passage-suspension,111,hres,34.0,Yea
passage-suspension,111,hres,845.0,Yea
passage-suspension,111,hres,507.0,Yea
passage-suspension,111,hres,701.0,Yea
passage-suspension,111,hres,811.0,Yea
passage-suspension,111,hconres,199.0,Yea
passage-suspension,111,s,1793.0,Yea
passage-suspension,111,hjres,26.0,Yea
passage-suspension,111,hres,260.0,Yea
passage-suspension,111,hr,402.0,Yea
passage-suspension,111,s,383.0,Yea
passage,111,hres,190.0,Yea
passage,111,hres,962.0,Yea
passage-suspension,111,hr,957.0,Yea
passage-suspension,111,hres,779.0,Yea
passage,111,hres,746.0,Yea
passage-suspension,111,hr,44.0,Yea
passage,111,hres,766.0,Yea
passage-suspension,111,hr,20.0,Yea
passage-suspension,111,hr,601.0,Yea
passage-suspension,111,hconres,206.0,Yea
passage-suspension,111,hr,1817.0,Yea
passage-suspension,111,hr,628.0,Not Voting
passage-suspension,111,hres,543.0,Yea
passage-suspension,111,hres,650.0,Yea
passage-suspension,111,hres,558.0,Not Voting
passage-suspension,111,hr,1622.0,Yea
passage-suspension,111,hres,40.0,Yea
passage-suspension,111,hres,940.0,Yea
passage,111,hjres,3.0,Nay
passage-suspension,111,hres,837.0,Yea
passage,111,hr,2997.0,Yea
passage,111,hres,644.0,Yea
passage-suspension,111,hr,3590.0,Yea
passage-suspension,111,hres,41.0,Yea
passage,111,hr,2781.0,Yea
passage-suspension,111,hres,692.0,Yea
passage-suspension,111,hres,529.0,Yea
passage-suspension,111,hconres,164.0,Yea
passage,111,hres,427.0,Yea
passage,111,hres,559.0,Not Voting
passage-suspension,111,hr,3119.0,Yea
passage-suspension,111,hr,1211.0,Yea
passage-suspension,111,hres,534.0,Yea
passage-suspension,111,hr,1089.0,Yea
passage-suspension,111,s,407.0,Yea
passage,111,hres,673.0,Yea
passage,111,hres,379.0,Yea
passage,111,hr,2996.0,Yea
passage-suspension,111,hr,35.0,Yea
passage-suspension,111,hres,593.0,Yea
passage,111,hres,876.0,Not Voting
passage-suspension,111,hr,3435.0,Yea
passage,111,hres,365.0,Yea
passage,111,hconres,172.0,Yea
passage-suspension,111,hr,2972.0,Yea
passage-suspension,111,s,896.0,Yea
passage,111,hres,464.0,Yea
passage-suspension,111,hres,736.0,Not Voting
passage,111,hconres,133.0,Yea
passage-suspension,111,hconres,84.0,Yea
passage-suspension,111,hres,560.0,Not Voting
passage-suspension,111,hr,3737.0,Yea
passage,111,hres,691.0,Yea
passage-suspension,111,sconres,45.0,Not Voting
passage,111,hres,371.0,Yea
passage,111,hr,3619.0,Yea
passage,111,hres,610.0,Yea
passage,111,hr,3293.0,Yea
passage,111,hres,5.0,Yea
passage-suspension,111,hres,368.0,Yea
passage-suspension,111,hres,329.0,Yea
passage-suspension,111,hres,459.0,Yea
passage-suspension,111,hres,398.0,Not Voting
passage-suspension,111,hres,447.0,Yea
passage-suspension,111,hres,729.0,Yea
passage-suspension,111,hres,867.0,Not Voting
passage,111,hr,2647.0,Not Voting
passage,111,hres,744.0,Not Voting
passage,111,hr,3585.0,Yea
passage,111,hres,685.0,Yea
passage-suspension,111,hres,299.0,Yea
passage,111,hres,609.0,Yea
passage-suspension,111,hr,2990.0,Not Voting
passage-suspension,111,sconres,30.0,Yea
passage,111,hr,2346.0,Nay
passage-suspension,111,hres,641.0,Yea
passage,111,hres,909.0,Yea
passage,111,hres,665.0,Yea
passage,111,hconres,210.0,Yea
passage-suspension,111,hr,2938.0,Yea
passage-suspension,111,hr,1849.0,Yea
passage,111,hconres,214.0,Yea
passage-suspension,111,hconres,109.0,Yea
passage,111,hr,3288.0,Yea
passage-suspension,111,hconres,111.0,Yea
passage-suspension,111,hr,3157.0,Not Voting
passage,111,hres,406.0,Yea
passage-suspension,111,hr,1746.0,Yea
passage-suspension,111,hconres,59.0,Yea
passage-suspension,111,hr,2097.0,Yea
passage,111,hr,3854.0,Yea
passage-suspension,111,hres,6.0,Yea
passage-suspension,111,hr,1139.0,Yea
passage-suspension,111,hres,175.0,Yea
passage,111,hr,2892.0,Yea
passage-suspension,111,hres,866.0,Not Voting
passage-suspension,111,hres,471.0,Yea
passage-suspension,111,hres,69.0,Yea
passage-suspension,111,hr,3276.0,Yea
passage-suspension,111,hres,432.0,Yea
passage-suspension,111,hr,3539.0,Yea
passage-suspension,111,hres,863.0,Yea
passage-suspension,111,hres,377.0,Yea
passage-suspension,111,hr,1675.0,Yea
passage,111,hr,31.0,Yea
passage-suspension,111,hres,856.0,Yea
passage-suspension,111,hres,270.0,Yea
passage-suspension,111,hres,224.0,Yea
passage-suspension,111,hres,505.0,Yea
passage-suspension,111,hr,3689.0,Yea
passage-suspension,111,hr,1044.0,Yea
passage,111,hres,87.0,Yea
passage,111,hres,829.0,Yea
passage-suspension,111,hres,768.0,Yea
passage-suspension,111,hr,1736.0,Yea
passage-suspension,111,hconres,197.0,Yea
passage,111,hr,4154.0,Yea
passage-suspension,111,hr,842.0,Yea
passage,111,hr,3170.0,Yea
passage-suspension,111,hr,2442.0,Yea
passage-suspension,111,hres,861.0,Yea
passage-suspension,111,hres,453.0,Yea
passage-suspension,111,hr,1771.0,Yea
passage-suspension,111,hr,3029.0,Yea
passage-suspension,111,hr,129.0,Not Voting
passage-suspension,111,hres,290.0,Yea
passage,111,hres,956.0,Yea
passage-suspension,111,hres,60.0,Not Voting
passage,111,hr,3081.0,Yea
passage-suspension,111,hres,128.0,Yea
passage-suspension,111,hr,730.0,Yea
passage-suspension,111,hres,971.0,Yea
passage,111,hconres,93.0,Yea
passage,111,hres,168.0,Yea
passage-suspension,111,hr,2971.0,Yea
passage,111,hres,617.0,Yea
passage,111,hres,306.0,Yea
passage-suspension,111,hres,77.0,Yea
passage,111,hres,545.0,Yea
passage-suspension,111,hr,577.0,Yea
passage-suspension,111,hres,201.0,Yea
passage-suspension,111,hconres,127.0,Yea
passage-suspension,111,hr,3614.0,Yea
passage,111,hres,316.0,Yea
passage,111,hconres,47.0,Yea
passage-suspension,111,hr,1053.0,Yea
passage-suspension,111,hr,1834.0,Yea
passage-suspension,111,hr,1442.0,Yea
passage-suspension,111,hr,813.0,Yea
passage-suspension,111,hres,454.0,Yea
passage-suspension,111,hres,897.0,Yea
passage,111,hr,2442.0,Yea
passage-suspension,111,hres,659.0,Not Voting
passage-suspension,111,hr,1242.0,Yea
passage,111,hres,830.0,Yea
passage,111,hres,88.0,Yea
passage,111,hres,522.0,Yea
passage-suspension,111,hr,987.0,Yea
passage-suspension,111,hr,515.0,Yea
passage-suspension,111,hr,934.0,Yea
passage-suspension,111,hr,3476.0,Yea
passage-suspension,111,hres,28.0,Yea
passage-suspension,111,hres,154.0,Yea
passage-suspension,111,hr,1253.0,Yea
passage-suspension,111,hres,195.0,Yea
passage-suspension,111,hr,2247.0,Yea
passage-suspension,111,hres,182.0,Yea
passage-suspension,111,hres,134.0,Yea
passage-suspension,111,hconres,160.0,Yea
passage-suspension,111,hres,441.0,Yea
passage,111,hres,305.0,Yea
passage-suspension,111,hr,548.0,Yea
passage,111,hr,1388.0,Yea
passage,111,hr,2.0,Yea
passage-suspension,111,hr,3603.0,Yea
passage-suspension,111,hr,1575.0,Yea
passage-suspension,111,hr,1617.0,Yea
passage-suspension,111,hres,707.0,Yea
passage-suspension,111,hres,43.0,Yea
passage,111,hres,846.0,Yea
passage-suspension,111,hres,607.0,Yea
passage,111,hr,3183.0,Yea
passage-suspension,111,hres,430.0,Yea
passage,111,hr,1106.0,Yea
passage-suspension,111,hres,907.0,Yea
passage-suspension,111,hr,3763.0,Yea
passage-suspension,111,hr,729.0,Yea
passage-suspension,111,hr,2278.0,Yea
passage-suspension,111,hres,795.0,Yea
passage-suspension,111,hr,409.0,Yea
passage-suspension,111,sconres,43.0,Yea
passage-suspension,111,hr,3631.0,Yea
passage,111,hres,184.0,Yea
passage-suspension,111,hres,139.0,Yea
passage-suspension,111,hr,1219.0,Yea
passage,111,hconres,85.0,Yea
passage-suspension,111,hres,180.0,Yea
passage,111,hres,296.0,Yea
passage-suspension,111,hr,559.0,Not Voting
passage,111,hres,92.0,Yea
passage-suspension,111,hres,469.0,Yea
passage,111,hr,2918.0,Nay
passage-suspension,111,hres,612.0,Yea
passage-suspension,111,hr,22.0,Yea
passage-suspension,111,hres,82.0,Yea
passage-suspension,111,hres,83.0,Yea
passage-suspension,111,hres,915.0,Nay
passage-suspension,111,hres,540.0,Yea
passage-suspension,111,hres,660.0,Yea
passage-suspension,111,hr,2188.0,Yea
passage-suspension,111,hres,806.0,Yea
passage-suspension,111,hr,3570.0,Yea
passage,111,hres,474.0,Yea
passage-suspension,111,hr,3319.0,Yea
passage-suspension,111,hconres,212.0,Yea
passage-suspension,111,hr,2325.0,Yea
passage-suspension,111,hr,2245.0,Yea
passage,111,hr,3791.0,Yea
passage,111,hr,3183.0,Yea
passage-suspension,111,hres,50.0,Yea
passage-suspension,111,hr,1687.0,Yea
passage,111,hr,1.0,Yea
passage,111,hres,281.0,Yea
passage-suspension,111,hres,317.0,Not Voting
passage-suspension,111,s,234.0,Yea
passage,111,hr,1388.0,Yea
passage-suspension,111,hr,1037.0,Yea
passage-suspension,111,s,328.0,Yea
passage,111,hres,964.0,Yea
passage,111,hres,772.0,Yea
passage-suspension,111,hr,1259.0,Yea
passage-suspension,111,hr,3617.0,Yea
passage-suspension,111,hr,637.0,Yea
passage-suspension,111,hr,388.0,Yea
passage-suspension,111,hres,103.0,Yea
passage,111,hr,1.0,Yea
passage-suspension,111,hr,411.0,Yea
passage,111,hres,552.0,Yea
passage,111,hr,3246.0,Yea
passage-suspension,111,hres,836.0,Yea
passage-suspension,111,hr,36.0,Yea
passage-suspension,111,hr,310.0,Yea
passage-suspension,111,hconres,135.0,Yea
passage-suspension,111,hres,838.0,Yea
passage-suspension,111,hres,344.0,Yea
passage,111,hr,3326.0,Yea
passage-suspension,111,hres,230.0,Yea
passage-suspension,111,hres,783.0,Yea
passage-suspension,111,hres,854.0,Yea
passage,111,sconres,13.0,Yea
passage,111,hr,1728.0,Yea
passage-suspension,111,hres,350.0,Yea
passage-suspension,111,hres,378.0,Nay
passage,111,hr,2918.0,Not Voting
passage-suspension,111,s,1314.0,Yea
passage-suspension,111,hr,1676.0,Yea
passage,111,hres,669.0,Yea
passage,111,hres,456.0,Yea
passage-suspension,111,hr,1172.0,Yea
passage,111,hr,2996.0,Yea
passage-suspension,111,hr,324.0,Yea
passage-suspension,111,s,1694.0,Yea
passage,111,hr,11.0,Yea
passage-suspension,111,hres,784.0,Yea
passage-suspension,111,hr,1243.0,Yea
passage-suspension,111,hr,2489.0,Yea
passage-suspension,111,hr,3123.0,Nay
passage,111,hres,853.0,Not Voting
passage,111,hr,2352.0,Yea
passage-suspension,111,hres,839.0,Yea
passage-suspension,111,hres,360.0,Not Voting
passage,111,s,454.0,Yea
passage-suspension,111,hres,895.0,Not Voting
passage-suspension,111,hres,858.0,Yea
passage-suspension,111,hres,413.0,Yea
passage-suspension,111,hres,566.0,Yea
passage,111,hr,2847.0,Yea
passage,111,hres,490.0,Yea
passage,111,hres,885.0,Yea
passage-suspension,111,hconres,123.0,Yea
passage,111,hres,573.0,Yea
passage-suspension,111,s,1211.0,Yea
passage-suspension,111,hr,347.0,Yea
passage-suspension,111,hres,421.0,Yea
passage-suspension,111,hres,891.0,Yea
passage-suspension,111,hr,3360.0,Yea
passage-suspension,111,hres,893.0,Yea
passage-suspension,111,s,386.0,Yea
passage-suspension,111,hr,3548.0,Yea
passage-suspension,111,hres,722.0,Yea
passage-suspension,111,hr,1168.0,Not Voting
passage,111,hres,572.0,Yea
passage-suspension,111,hres,496.0,Yea
passage-suspension,111,hr,3949.0,Not Voting
passage,111,sconres,31.0,Yea
passage-suspension,111,hres,338.0,Yea
passage-suspension,111,s,386.0,Yea
passage-suspension,111,hr,556.0,Yea
passage,111,hres,578.0,Yea
passage-suspension,111,hres,442.0,Yea
passage-suspension,111,hr,3788.0,Yea
passage-suspension,111,hres,841.0,Yea
passage-suspension,111,hres,868.0,Yea
passage-suspension,111,hconres,139.0,Yea
passage-suspension,111,hjres,40.0,Yea
passage-suspension,111,hr,1933.0,Yea
passage-suspension,111,hres,300.0,Yea
passage-suspension,111,hr,2632.0,Yea
passage-suspension,111,hres,489.0,Yea
passage-suspension,111,hres,367.0,Yea
passage-suspension,111,hr,1293.0,Yea
passage-suspension,111,hr,2749.0,Yea
passage,111,hr,1145.0,Yea
passage-suspension,111,s,509.0,Not Voting
passage-suspension,111,hr,2498.0,Yea
passage-suspension,111,hres,291.0,Not Voting
passage-suspension,111,hr,3357.0,Yea
passage-suspension,111,hr,3951.0,Yea
passage,111,s,352.0,Yea
passage,111,hr,2346.0,Yea
passage-suspension,111,hr,86.0,Yea
passage-suspension,111,hr,918.0,Yea
passage-suspension,111,hres,114.0,Yea
passage-suspension,111,hres,942.0,Yea
passage-suspension,111,hres,905.0,Yea
passage-suspension,111,hr,151.0,Yea
passage,111,hres,205.0,Yea
passage-suspension,111,hr,780.0,Yea
passage,111,hr,1256.0,Not Voting
passage,111,hres,157.0,Yea
passage-suspension,111,hres,117.0,Yea
passage,111,hr,2997.0,Yea
passage-suspension,111,hr,3548.0,Yea
passage-suspension,111,hr,1299.0,Yea
passage,111,hres,961.0,Yea
passage-suspension,111,hres,183.0,Not Voting
passage-suspension,111,hres,31.0,Yea
passage-suspension,111,hr,1327.0,Yea
passage-suspension,111,hres,125.0,Yea
passage-suspension,111,hr,1709.0,Yea
passage,111,hres,788.0,Yea
passage-suspension,111,hr,1741.0,Yea
passage-suspension,111,hr,1284.0,Yea
passage-suspension,111,hres,804.0,Yea
passage-suspension,111,hr,2423.0,Yea
passage,111,s,181.0,Yea
passage,111,hres,653.0,Yea
passage-suspension,111,hres,517.0,Yea
passage-suspension,111,hres,222.0,Yea
passage-suspension,111,hres,727.0,Yea
passage-suspension,111,hr,3371.0,Yea
passage-suspension,111,hres,67.0,Yea
passage-suspension,111,hr,905.0,Yea
passage-suspension,111,hres,476.0,Yea
passage-suspension,111,hconres,129.0,Yea
passage,111,hres,760.0,Yea
passage,111,hr,3288.0,Yea
passage-suspension,111,hr,146.0,Yea
passage,111,hres,544.0,Yea
passage-suspension,111,hconres,35.0,Yea
passage,111,hr,3326.0,Nay
passage,111,hr,3082.0,Yea
passage-suspension,111,hres,894.0,Yea
passage-suspension,111,hr,448.0,Yea
passage-suspension,111,hr,2470.0,Yea
passage,111,hres,279.0,Yea
passage-suspension,111,hres,45.0,Yea
passage-suspension,111,hres,765.0,Yea
passage-suspension,111,hres,366.0,Yea
passage,111,hconres,223.0,Yea
passage-suspension,111,hconres,76.0,Yea
passage,111,hres,955.0,Yea
passage-suspension,111,hres,146.0,Yea
passage-suspension,111,hr,1586.0,Yea
passage-suspension,111,hr,738.0,Yea
passage-suspension,111,s,22.0,Yea
passage-suspension,111,hres,16.0,Yea
passage-suspension,111,hres,240.0,Yea
passage-suspension,111,hres,494.0,Yea
passage-suspension,111,hres,210.0,Yea
passage-suspension,111,hres,786.0,Yea
passage,111,hr,2892.0,Nay
passage-suspension,111,hr,1217.0,Yea
passage-suspension,111,hr,2751.0,Yea
passage-suspension,111,hr,762.0,Yea
passage-suspension,111,hconres,64.0,Yea
passage-suspension,111,hres,816.0,Yea
passage-suspension,111,hres,226.0,Yea
passage-suspension,111,hres,84.0,Yea
passage-suspension,111,hr,3980.0,Yea
passage-suspension,111,hres,487.0,Yea
passage-suspension,111,hres,1072.0,Yea
passage-suspension,111,hres,1125.0,Yea
passage-suspension,111,hr,5502.0,Yea
passage-suspension,111,hres,1558.0,Yea
passage,111,hr,5851.0,Yea
passage-suspension,111,hres,1222.0,Yea
passage,111,hr,5297.0,Nay
passage-suspension,111,hres,1040.0,Yea
passage-suspension,111,hres,1422.0,Not Voting
passage-suspension,111,hres,1022.0,Yea
passage,111,hres,1436.0,Yea
passage,111,hr,4061.0,Yea
passage-suspension,111,hr,5110.0,Yea
passage-suspension,111,hres,1389.0,Yea
passage-suspension,111,hres,1042.0,Yea
passage-suspension,111,hres,1014.0,Yea
passage-suspension,111,hr,2788.0,Yea
passage-suspension,111,hres,990.0,Yea
passage,111,hres,1745.0,Yea
passage-suspension,111,hr,512.0,Yea
passage-suspension,111,hres,1144.0,Not Voting
passage-suspension,111,hconres,323.0,Yea
passage-suspension,111,hr,3726.0,Yea
passage,111,hr,3650.0,Yea
passage-suspension,111,hres,1003.0,Yea
passage-suspension,111,hr,5993.0,Yea
passage,111,hres,1192.0,Yea
passage-suspension,111,hr,4495.0,Yea
passage-suspension,111,hres,1024.0,Yea
passage-suspension,111,hres,1385.0,Yea
passage-suspension,111,hr,6160.0,Yea
passage,111,hres,1640.0,Yea
passage-suspension,111,hr,4887.0,Yea
passage-suspension,111,hr,4855.0,Yea
passage-suspension,111,hr,2194.0,Yea
passage-suspension,111,hres,362.0,Yea
passage-suspension,111,hres,1236.0,Not Voting
passage-suspension,111,hr,3962.0,Yea
passage-suspension,111,hr,4840.0,Yea
passage-suspension,111,hres,1613.0,Not Voting
passage-suspension,111,hres,1383.0,Yea
passage-suspension,111,hres,1041.0,Yea
passage,111,hres,1203.0,Yea
passage-suspension,111,hr,4823.0,Yea
passage-suspension,111,hres,925.0,Yea
passage-suspension,111,hres,1409.0,Yea
passage,111,hres,1574.0,Yea
passage-suspension,111,hconres,238.0,Yea
passage,111,hr,1586.0,Yea
passage,111,hres,1448.0,Not Voting
passage-suspension,111,hres,1347.0,Yea
passage,111,hres,1038.0,Yea
passage-suspension,111,hres,1011.0,Yea
passage-suspension,111,hres,1107.0,Yea
passage-suspension,111,hres,957.0,Yea
passage-suspension,111,hres,1326.0,Yea
passage-suspension,111,hr,3671.0,Yea
passage-suspension,111,hr,3538.0,Nay
passage-suspension,111,hr,3940.0,Yea
passage-suspension,111,hr,946.0,Yea
passage-suspension,111,hr,730.0,Yea
passage-suspension,111,hres,1320.0,Yea
passage,111,hres,1490.0,Yea
passage,111,hr,3082.0,Yea
passage-suspension,111,hres,1362.0,Not Voting
passage,111,hr,5281.0,Yea
passage-suspension,111,hres,1460.0,Not Voting
passage,111,hres,1500.0,Yea
passage-suspension,111,hr,5325.0,Yea
passage-suspension,111,hres,1540.0,Yea
passage-suspension,111,hres,1412.0,Yea
passage-suspension,111,hres,1364.0,Not Voting
passage-suspension,111,hres,1301.0,Yea
passage-suspension,111,hr,5327.0,Yea
passage,111,hres,1568.0,Yea
veto-override,111,hjres,64.0,Nay
passage-suspension,111,s,841.0,Yea
passage-suspension,111,hres,1366.0,Yea
passage-suspension,111,hr,4861.0,Yea
passage-suspension,111,hr,4748.0,Yea
passage-suspension,111,hr,3892.0,Yea
passage,111,hres,1517.0,Yea
passage-suspension,111,hres,1104.0,Yea
passage-suspension,111,hres,1257.0,Yea
passage,111,hres,1752.0,Yea
passage-suspension,111,hres,1338.0,Yea
passage-suspension,111,hres,1256.0,Yea
passage,111,hres,1495.0,Yea
passage-suspension,111,hres,1292.0,Not Voting
passage-suspension,111,hr,1514.0,Yea
passage-suspension,111,hres,1717.0,Yea
passage,111,hres,1329.0,Yea
passage-suspension,111,hr,2340.0,Not Voting
passage-suspension,111,hres,1272.0,Yea
passage,111,hres,1756.0,Yea
passage-suspension,111,hr,1554.0,Yea
passage-suspension,111,hres,1325.0,Not Voting
passage-suspension,111,hres,1377.0,Yea
passage-suspension,111,hres,1271.0,Yea
passage-suspension,111,s,1508.0,Yea
passage-suspension,111,s,1963.0,Yea
passage-suspension,111,hres,1103.0,Yea
passage-suspension,111,hres,860.0,Yea
passage,111,hconres,301.0,Yea
passage-suspension,111,s,3860.0,Yea
passage-suspension,111,hres,1002.0,Yea
passage-suspension,111,hr,5017.0,Yea
passage-suspension,111,hr,3040.0,Yea
passage-suspension,111,hr,6547.0,Yea
passage-suspension,111,hres,1491.0,Yea
passage-suspension,111,hr,4380.0,Yea
passage,111,hr,847.0,Yea
passage-suspension,111,hr,4994.0,Yea
passage-suspension,111,hr,3101.0,Yea
passage,111,hconres,336.0,Yea
passage,111,hr,4715.0,Yea
passage-suspension,111,hr,5510.0,Not Voting
passage-suspension,111,hr,1320.0,Yea
passage,111,hres,1537.0,Yea
passage-suspension,111,hr,6469.0,Yea
passage-suspension,111,hconres,278.0,Yea
passage-suspension,111,hr,4514.0,Yea
passage-suspension,111,hr,6510.0,Not Voting
passage-suspension,111,hconres,284.0,Yea
passage-suspension,111,hr,6400.0,Yea
passage-suspension,111,hr,3885.0,Yea
passage-suspension,111,hr,4307.0,Yea
passage-suspension,111,hr,2142.0,Not Voting
passage-suspension,111,hr,5566.0,Yea
passage,111,hres,1776.0,Yea
passage,111,hres,1550.0,Yea
passage-suspension,111,hres,1513.0,Yea
passage-suspension,111,hr,3125.0,Yea
passage-suspension,111,hres,1504.0,Yea
passage-suspension,111,hres,1219.0,Yea
passage,111,hr,3082.0,Yea
passage-suspension,111,hr,2711.0,Yea
passage-suspension,111,hres,1642.0,Not Voting
passage-suspension,111,hres,1761.0,Yea
passage-suspension,111,hres,1446.0,Yea
passage-suspension,111,hr,5395.0,Yea
passage-suspension,111,hr,5446.0,Yea
passage,111,hr,5019.0,Yea
passage,111,hr,2965.0,Yea
passage-suspension,111,hr,4438.0,Yea
passage-suspension,111,hres,584.0,Yea
passage-suspension,111,s,1147.0,Yea
passage-suspension,111,hr,5307.0,Yea
passage-suspension,111,hres,1044.0,Yea
passage-suspension,111,hres,1141.0,Yea
passage,111,hr,1722.0,Yea
passage-suspension,111,hres,267.0,Yea
passage-suspension,111,hres,1428.0,Yea
passage-suspension,111,hres,1145.0,Yea
passage-suspension,111,hres,1391.0,Yea
passage-suspension,111,hres,771.0,Yea
passage,111,hres,1204.0,Yea
passage-suspension,111,hr,5873.0,Not Voting
passage-suspension,111,hres,1027.0,Yea
passage-suspension,111,hres,1434.0,Yea
passage,111,hres,1083.0,Yea
passage-suspension,111,hconres,285.0,Yea
passage-suspension,111,hres,1610.0,Not Voting
passage-suspension,111,hr,4098.0,Yea
passage,111,hr,3961.0,Nay
passage,111,hr,3534.0,Yea
passage-suspension,111,hres,1069.0,Yea
passage-suspension,111,hres,1178.0,Yea
passage-suspension,111,hr,4810.0,Yea
passage-suspension,111,hr,5982.0,Yea
passage-suspension,111,hr,1879.0,Yea
passage,111,hres,1098.0,Yea
passage,111,hres,1736.0,Yea
passage-suspension,111,hres,1170.0,Yea
passage,111,hres,1674.0,Yea
passage-suspension,111,hres,1163.0,Yea
passage-suspension,111,hres,1475.0,Yea
passage,111,hr,4783.0,Yea
passage,111,hconres,321.0,Yea
passage-suspension,111,hres,1184.0,Yea
passage-suspension,111,hres,901.0,Yea
passage-suspension,111,hr,6419.0,Yea
passage-suspension,111,hr,3954.0,Yea
passage-suspension,111,hr,5756.0,Yea
passage-suspension,111,hres,1074.0,Yea
passage-suspension,111,hr,4667.0,Yea
passage,111,hres,1146.0,Yea
passage,111,hr,2314.0,Yea
passage-suspension,111,hr,3650.0,Yea
passage,111,hres,1105.0,Yea
passage-suspension,111,hr,5366.0,Not Voting
passage-suspension,111,hr,4238.0,Not Voting
passage-suspension,111,hconres,227.0,Yea
passage,111,hconres,257.0,Yea
passage-suspension,111,hres,1369.0,Yea
passage-suspension,111,hres,1522.0,Not Voting
passage-suspension,111,hconres,244.0,Yea
passage,111,hr,2701.0,Yea
passage-suspension,111,hres,1713.0,Yea
passage,111,hjres,101.0,Yea
passage,111,hr,3342.0,Yea
passage,111,hr,1065.0,Yea
passage,111,hres,1682.0,Yea
passage-suspension,111,hres,716.0,Yea
passage,111,hr,4474.0,Yea
passage-suspension,111,hres,1189.0,Yea
passage-suspension,111,hr,4072.0,Yea
passage-suspension,111,hres,518.0,Yea
passage-suspension,111,hr,3685.0,Yea
passage-suspension,111,hres,1173.0,Yea
passage,111,hres,1404.0,Yea
passage-suspension,111,hres,1020.0,Yea
passage-suspension,111,hres,900.0,Yea
passage-suspension,111,hres,1215.0,Not Voting
passage-suspension,111,hr,5618.0,Yea
passage-suspension,111,hr,3820.0,Yea
passage-suspension,111,hr,4360.0,Yea
passage,111,hr,4247.0,Yea
passage-suspension,111,s,3473.0,Yea
passage-suspension,111,hr,5901.0,Yea
passage-suspension,111,hr,4425.0,Not Voting
passage-suspension,111,hres,1439.0,Yea
passage-suspension,111,hconres,242.0,Yea
passage-suspension,111,hr,3470.0,Not Voting
passage-suspension,111,hr,4532.0,Yea
passage-suspension,111,hres,1099.0,Yea
passage,111,hres,1126.0,Yea
passage-suspension,111,hr,4508.0,Yea
passage,111,hconres,282.0,Yea
passage-suspension,111,hr,3509.0,Yea
passage-suspension,111,hconres,328.0,Yea
passage-suspension,111,hr,3542.0,Yea
passage,111,hr,3726.0,Yea
passage-suspension,111,s,3729.0,Yea
passage-suspension,111,hr,1061.0,Yea
passage-suspension,111,hres,1021.0,Yea
passage-suspension,111,hres,1724.0,Yea
passage,111,hr,3254.0,Yea
passage-suspension,111,s,3689.0,Yea
passage-suspension,111,hres,1174.0,Yea
passage-suspension,111,hres,1322.0,Yea
passage-suspension,111,hr,5131.0,Not Voting
passage-suspension,111,hres,747.0,Yea
passage-suspension,111,hres,1119.0,Yea
passage,111,hr,1612.0,Yea
passage-suspension,111,hres,1368.0,Yea
passage-suspension,111,hres,1127.0,Yea
passage-suspension,111,hres,1566.0,Yea
passage,111,hres,1225.0,Yea
passage-suspension,111,hres,1075.0,Yea
passage,111,hr,4872.0,Yea
passage-suspension,111,hr,5414.0,Yea
passage-suspension,111,hres,699.0,Yea
passage-suspension,111,hres,1244.0,Yea
passage-suspension,111,hconres,126.0,Yea
passage-suspension,111,hres,1270.0,Yea
passage-suspension,111,hres,1004.0,Yea
passage,111,hres,1559.0,Yea
passage,111,hr,5822.0,Yea
passage-suspension,111,hr,5730.0,Yea
passage-suspension,111,hres,1543.0,Yea
passage-suspension,111,hres,1216.0,Yea
passage-suspension,111,hr,4994.0,Yea
passage,111,hr,2499.0,Nay
passage,111,hres,1755.0,Yea
passage,111,hres,1363.0,Yea
passage-suspension,111,hres,1132.0,Yea
passage,111,hr,4173.0,Yea
passage-suspension,111,hres,1402.0,Not Voting
passage-suspension,111,hr,5609.0,Yea
passage-suspension,111,hr,2288.0,Yea
passage-suspension,111,s,1405.0,Yea
passage-suspension,111,hr,4614.0,Yea
passage-suspension,111,hres,1264.0,Yea
passage-suspension,111,hr,5099.0,Yea
passage,111,hr,1722.0,Yea
passage-suspension,111,hr,5827.0,Nay
passage-suspension,111,s,3447.0,Yea
passage,111,hres,1556.0,Yea
passage-suspension,111,hr,5146.0,Yea
passage-suspension,111,hres,1472.0,Yea
passage,111,hconres,308.0,Yea
passage-suspension,111,hr,4543.0,Yea
passage-suspension,111,hr,4692.0,Yea
passage-suspension,111,s,987.0,Yea
passage-suspension,111,hres,403.0,Yea
passage-suspension,111,hres,1327.0,Yea
passage-suspension,111,hr,5987.0,Yea
passage-suspension,111,hr,6495.0,Yea
passage-suspension,111,hres,1337.0,Yea
passage-suspension,111,s,3167.0,Yea
passage-suspension,111,hres,1213.0,Yea
passage-suspension,111,hr,4501.0,Yea
passage-suspension,111,hr,6412.0,Yea
passage-suspension,111,hres,1228.0,Not Voting
passage-suspension,111,hres,1307.0,Yea
passage-suspension,111,hr,4505.0,Yea
passage-suspension,111,hres,1258.0,Yea
passage-suspension,111,hconres,268.0,Yea
passage-suspension,111,hres,1313.0,Not Voting
passage,111,hres,1344.0,Yea
passage-suspension,111,hr,1017.0,Yea
passage-suspension,111,hr,2864.0,Yea
passage-suspension,111,hres,1295.0,Yea
passage-suspension,111,hr,6205.0,Yea
passage-suspension,111,hr,5623.0,Yea
passage-suspension,111,hres,1328.0,Yea
passage-suspension,111,hr,725.0,Yea
passage-suspension,111,hres,1246.0,Yea
passage-suspension,111,hr,6540.0,Yea
passage,111,hres,1248.0,Yea
passage-suspension,111,hr,5604.0,Yea
passage,111,hr,2142.0,Yea
passage,111,hr,5850.0,Yea
passage-suspension,111,s,3874.0,Not Voting
passage,111,hres,1305.0,Nay
passage,111,hr,4213.0,Yea
passage-suspension,111,hres,1759.0,Yea
passage-suspension,111,hr,5552.0,Yea
passage-suspension,111,hres,1294.0,Yea
passage-suspension,111,hr,1722.0,Not Voting
passage,111,hres,1764.0,Yea
passage-suspension,111,hres,1299.0,Yea
passage,111,hconres,293.0,Yea
passage-suspension,111,hr,5014.0,Yea
passage,111,hr,4853.0,Yea
passage-suspension,111,hr,4773.0,Yea
passage-suspension,111,hr,5145.0,Yea
passage-suspension,111,hr,1469.0,Yea
passage-suspension,111,hr,6523.0,Nay
passage-suspension,111,hr,847.0,Yea
passage,111,hres,1771.0,Yea
passage-suspension,111,hres,1062.0,Yea
passage,111,hr,2751.0,Yea
passage-suspension,111,hres,1516.0,Yea
passage-suspension,111,hconres,292.0,Yea
passage,111,hr,5116.0,Yea
passage-suspension,111,hres,1052.0,Yea
passage-suspension,111,hconres,249.0,Yea
passage-suspension,111,hres,1066.0,Yea
passage-suspension,111,hres,1429.0,Yea
passage-suspension,111,hr,2039.0,Not Voting
passage-suspension,111,hres,1133.0,Yea
passage-suspension,111,hres,546.0,Yea
passage-suspension,111,hr,3993.0,Yea
passage-suspension,111,hr,3562.0,Yea
passage,111,hres,1205.0,Yea
passage-suspension,111,hr,4621.0,Yea
passage-suspension,111,hres,989.0,Yea
passage,111,hres,1606.0,Yea
passage-suspension,111,hr,5551.0,Yea
passage-suspension,111,hres,917.0,Yea
passage,111,hr,4626.0,Yea
passage-suspension,111,hr,5710.0,Yea
passage-suspension,111,hres,1089.0,Yea
passage-suspension,111,hr,4825.0,Yea
passage-suspension,111,hr,1745.0,Yea
passage-suspension,111,hres,605.0,Yea
passage,111,hres,1742.0,Yea
passage-suspension,111,hres,1715.0,Yea
passage-suspension,111,hr,4506.0,Yea
passage-suspension,111,hr,5877.0,Yea
passage-suspension,111,hr,4628.0,Yea
passage,111,hr,4213.0,Yea
passage,111,hconres,332.0,Yea
passage-suspension,111,hres,1407.0,Yea
passage-suspension,111,hres,1186.0,Yea
passage-suspension,111,hres,1079.0,Not Voting
passage-suspension,111,hres,1085.0,Yea
passage,111,hr,4899.0,Yea
passage-suspension,111,hres,1088.0,Yea
passage-suspension,111,hr,5481.0,Yea
passage-suspension,111,hres,1039.0,Yea
passage-suspension,111,hres,1571.0,Yea
passage-suspension,111,hconres,288.0,Yea
passage-suspension,111,hr,4395.0,Yea
passage,111,hr,1586.0,Yea
passage,111,hconres,248.0,Yea
passage,111,hres,1212.0,Yea
passage-suspension,111,hr,4003.0,Yea
passage-suspension,111,hres,1059.0,Yea
passage-suspension,111,hres,311.0,Yea
veto-override,111,hr,3808.0,Nay
passage-suspension,111,hr,4214.0,Yea
passage-suspension,111,s,3774.0,Yea
passage-suspension,111,hr,5758.0,Not Voting
passage-suspension,111,hr,946.0,Yea
passage-suspension,111,hr,3199.0,Yea
passage,111,hres,1741.0,Yea
passage-suspension,111,hres,1128.0,Yea
passage-suspension,111,hres,1167.0,Yea
passage-suspension,111,hres,1043.0,Yea
passage-suspension,112,hr,3477.0,Yea
passage,112,hr,3630.0,Yea
passage-suspension,112,hconres,105.0,Yea
passage-suspension,112,hr,3803.0,Nay
passage,112,hres,540.0,Nay
passage-suspension,112,s,679.0,Yea
passage,112,hr,436.0,Nay
passage-suspension,112,hr,4040.0,Not Voting
passage-suspension,112,hconres,118.0,Yea
passage,112,hr,2842.0,Nay
passage-suspension,112,hr,6429.0,Nay
passage-suspension,112,hr,1022.0,Yea
passage-suspension,112,hr,3835.0,Nay
passage-suspension,112,hconres,127.0,Yea
passage-suspension,112,hr,3001.0,Not Voting
passage-suspension,112,hr,347.0,Yea
passage-suspension,112,hconres,117.0,Yea
passage-suspension,112,hr,828.0,Nay
passage,112,hr,4089.0,Nay
passage-suspension,112,s,2039.0,Nay
passage,112,hres,563.0,Nay
passage-suspension,112,hr,3567.0,Yea
passage,112,hr,5854.0,Not Voting
passage-suspension,112,hr,5987.0,Nay
passage-suspension,112,hr,3801.0,Yea
passage-suspension,112,hr,4264.0,Yea
passage,112,hr,4480.0,Not Voting
passage,112,hres,827.0,Nay
passage,112,hr,6429.0,Not Voting
passage-suspension,112,hr,6582.0,Yea
passage,112,hres,841.0,Nay
passage-suspension,112,hr,2072.0,Yea
passage-suspension,112,hr,3117.0,Yea
passage-suspension,112,hr,6443.0,Yea
passage-suspension,112,hr,3159.0,Yea
passage,112,hres,717.0,Nay
passage,112,hr,5326.0,Nay
passage-suspension,112,hr,6190.0,Nay
passage-suspension,112,s,925.0,Yea
passage,112,hres,706.0,Nay
passage-suspension,112,hr,3197.0,Yea
passage,112,hjres,98.0,Nay
passage-suspension,112,hr,4133.0,Yea
passage,112,hr,4348.0,Yea
passage-suspension,112,hr,6018.0,Yea
passage-suspension,112,s,3454.0,Yea
passage-suspension,112,hr,6726.0,Nay
passage-suspension,112,hr,915.0,Not Voting
passage-suspension,112,hr,5740.0,Yea
passage-suspension,112,hr,3783.0,Yea
passage,112,hr,6156.0,Nay
passage,112,hres,667.0,Not Voting
passage-suspension,112,s,3564.0,Yea
passage-suspension,112,hr,6364.0,Yea
passage-suspension,112,hr,6612.0,Yea
passage,112,hres,726.0,Nay
passage,112,hres,724.0,Nay
passage,112,hr,5972.0,Nay
passage-suspension,112,hr,3541.0,Not Voting
passage-suspension,112,hr,5997.0,Yea
passage-suspension,112,hr,205.0,Yea
passage-suspension,112,hr,6655.0,Yea
passage-suspension,112,hr,6621.0,Yea
passage,112,hres,656.0,Nay
passage-suspension,112,hr,6016.0,Yea
passage-suspension,112,hr,2453.0,Yea
passage,112,hres,537.0,Nay
passage,112,hr,658.0,Nay
passage-suspension,112,hr,4365.0,Yea
passage-suspension,112,hr,5044.0,Yea
passage-suspension,112,hr,5865.0,Not Voting
passage-suspension,112,s,404.0,Yea
passage,112,hr,2578.0,Nay
passage-suspension,112,hr,1339.0,Yea
passage,112,hres,631.0,Nay
passage-suspension,112,hr,459.0,Nay
passage,112,hr,9.0,Nay
passage-suspension,112,s,1134.0,Nay
passage,112,hr,5325.0,Nay
passage-suspension,112,hres,556.0,Yea
passage,112,hres,587.0,Not Voting
passage-suspension,112,hr,665.0,Not Voting
passage-suspension,112,hr,3857.0,Not Voting
passage-suspension,112,hres,750.0,Yea
passage,112,hr,3578.0,Nay
passage-suspension,112,hr,1162.0,Yea
passage-suspension,112,hr,2938.0,Nay
passage-suspension,112,hr,2453.0,Yea
passage-suspension,112,hr,3637.0,Not Voting
passage-suspension,112,hr,6168.0,Yea
passage,112,hres,562.0,Yea
passage,112,hres,597.0,Nay
passage-suspension,112,hr,2157.0,Yea
passage,112,hr,4281.0,Nay
passage-suspension,112,hr,2139.0,Not Voting
passage,112,hr,5949.0,Nay
passage-suspension,112,hr,3606.0,Yea
passage-suspension,112,hr,1815.0,Yea
passage-suspension,112,s,2038.0,Yea
passage,112,hr,5743.0,Not Voting
passage-suspension,112,hr,6122.0,Yea
passage-suspension,112,hr,6186.0,Yea
passage,112,hres,522.0,Nay
passage,112,hres,572.0,Not Voting
passage,112,hres,691.0,Nay
passage,112,hconres,112.0,Nay
passage-suspension,112,hr,2096.0,Yea
passage-suspension,112,hr,1141.0,Yea
passage,112,hr,6684.0,Nay
passage-suspension,112,hr,5872.0,Yea
passage-suspension,112,hr,2070.0,Nay
passage-suspension,112,hr,4053.0,Yea
passage-suspension,112,s,2367.0,Not Voting
passage,112,hres,697.0,Not Voting
passage-suspension,112,sconres,50.0,Not Voting
passage-suspension,112,s,3193.0,Yea
passage-suspension,112,hr,915.0,Yea
passage,112,hres,711.0,Not Voting
passage-suspension,112,s,2009.0,Yea
passage,112,hr,4310.0,Nay
passage-suspension,112,hres,516.0,Yea
passage,112,hres,821.0,Nay
passage-suspension,112,hr,6504.0,Yea
passage-suspension,112,hr,4606.0,Yea
passage-suspension,112,hr,6602.0,Not Voting
passage-suspension,112,hr,4201.0,Not Voting
passage-suspension,112,hres,568.0,Yea
passage,112,hres,708.0,Nay
passage-suspension,112,hr,4005.0,Yea
passage-suspension,112,hr,365.0,Yea
passage-suspension,112,hr,1845.0,Yea
passage-suspension,112,hr,6672.0,Yea
passage,112,hres,844.0,Yea
passage-suspension,112,hr,4155.0,Yea
passage-suspension,112,hr,2362.0,Nay
passage-suspension,112,hr,443.0,Yea
passage-suspension,112,s,3202.0,Yea
passage-suspension,112,s,3642.0,Yea
passage-suspension,112,hr,4119.0,Yea
passage-suspension,112,hr,4251.0,Yea
passage-suspension,112,hr,3874.0,Yea
passage-suspension,112,hres,668.0,Yea
passage-suspension,112,hr,6371.0,Yea
passage-suspension,112,hr,5651.0,Not Voting
passage-suspension,112,hr,4057.0,Not Voting
passage-suspension,112,hr,4367.0,Yea
passage,112,hr,5856.0,Nay
passage-suspension,112,hr,5892.0,Yea
passage-suspension,112,hr,2079.0,Yea
passage,112,hr,5855.0,Nay
passage,112,hr,5882.0,Nay
passage-suspension,112,s,684.0,Yea
passage-suspension,112,hr,3336.0,Nay
passage-suspension,112,hr,886.0,Yea
passage-suspension,112,hr,2779.0,Nay
passage,112,hres,788.0,Nay
passage-suspension,112,hr,1775.0,Yea
passage-suspension,112,hr,3992.0,Not Voting
passage-suspension,112,hr,5912.0,Nay
passage,112,hres,539.0,Nay
passage-suspension,112,hr,1038.0,Yea
passage-suspension,112,hr,4105.0,Yea
passage,112,hres,688.0,Not Voting
passage-suspension,112,hr,3248.0,Yea
passage-suspension,112,hr,3247.0,Yea
passage-suspension,112,hr,2682.0,Nay
passage-suspension,112,s,3245.0,Yea
passage,112,hres,779.0,Nay
passage,112,hjres,118.0,Nay
passage-suspension,112,hr,519.0,Nay
passage-suspension,112,hr,2417.0,Nay
passage-suspension,112,hr,1657.0,Yea
passage,112,hres,347.0,Nay
passage-suspension,112,hr,514.0,Nay
passage-suspension,112,hres,49.0,Yea
passage,112,hres,115.0,Nay
passage,112,hres,93.0,Nay
passage,112,hres,128.0,Nay
passage-suspension,112,hr,570.0,Yea
passage-suspension,112,hr,525.0,Yea
passage,112,hres,38.0,Nay
passage-suspension,112,s,188.0,Yea
passage,112,hres,79.0,Nay
passage,112,hres,9.0,Nay
passage,112,hres,294.0,Nay
passage,112,hconres,34.0,Nay
passage,112,hres,359.0,Nay
passage,112,hres,358.0,Nay
passage,112,hconres,35.0,Nay
passage,112,hres,300.0,Nay
passage,112,hr,674.0,Yea
passage-suspension,112,hr,2527.0,Yea
passage-suspension,112,hr,1933.0,Yea
passage,112,hconres,36.0,Nay
passage,112,hr,2055.0,Yea
passage,112,hr,910.0,Nay
passage,112,hr,1363.0,Nay
passage,112,hres,292.0,Nay
passage-suspension,112,hr,1423.0,Yea
passage-suspension,112,hr,2715.0,Yea
passage-suspension,112,hr,398.0,Yea
passage-suspension,112,hr,1975.0,Yea
passage,112,hr,2576.0,Nay
passage-suspension,112,hr,1246.0,Yea
passage,112,hres,375.0,Nay
passage,112,hres,186.0,Nay
passage-suspension,112,hr,3321.0,Yea
passage-suspension,112,hr,298.0,Yea
passage-suspension,112,hr,1632.0,Yea
passage-suspension,112,hr,2076.0,Yea
passage-suspension,112,hr,33.0,Yea
passage-suspension,112,hr,674.0,Yea
passage-suspension,112,hr,2471.0,Nay
passage,112,hres,363.0,Not Voting
passage-suspension,112,hr,1308.0,Yea
passage-suspension,112,hr,1801.0,Yea
passage,112,hr,1363.0,Nay
passage,112,hres,370.0,Nay
passage,112,hres,328.0,Nay
passage-suspension,112,hr,672.0,Nay
passage-suspension,112,hr,320.0,Yea
passage,112,hr,2112.0,Nay
passage-suspension,112,hr,2422.0,Yea
passage-suspension,112,hr,771.0,Yea
passage-suspension,112,hr,2480.0,Yea
passage,112,hres,455.0,Nay
passage-suspension,112,hr,872.0,Nay
passage-suspension,112,s,1412.0,Yea
passage,112,hres,479.0,Nay
passage-suspension,112,s,307.0,Yea
passage-suspension,112,hr,1383.0,Yea
passage,112,hres,466.0,Nay
passage,112,hr,2354.0,Nay
passage,112,hres,430.0,Nay
passage-suspension,112,hr,1905.0,Yea
passage-suspension,112,hr,765.0,Not Voting
passage-suspension,112,hr,670.0,Yea
passage,112,hres,502.0,Nay
passage,112,hconres,94.0,Nay
passage-suspension,112,sconres,28.0,Yea
passage-suspension,112,hr,394.0,Yea
passage,112,hres,167.0,Nay
passage,112,hr,2608.0,Nay
passage,112,hres,412.0,Nay
passage,112,hr,2608.0,Yea
passage,112,hconres,50.0,Nay
passage-suspension,112,hr,2105.0,Yea
passage-suspension,112,hr,686.0,Yea
passage,112,hres,493.0,Not Voting
passage-suspension,112,s,846.0,Yea
passage-suspension,112,hr,347.0,Yea
passage-suspension,112,hr,2883.0,Yea
passage-suspension,112,hconres,27.0,Yea
passage,112,hr,514.0,Nay
passage,112,hr,3672.0,Yea
passage-suspension,112,hres,268.0,Yea
passage,112,hres,405.0,Nay
passage,112,hr,2587.0,Nay
passage,112,hr,1.0,Nay
passage-suspension,112,hr,1383.0,Yea
passage,112,hres,500.0,Not Voting
passage,112,hr,359.0,Nay
passage,112,hres,372.0,Nay
passage-suspension,112,hr,368.0,Yea
passage,112,hres,129.0,Nay
passage,112,hres,340.0,Nay
passage-suspension,112,hr,1059.0,Yea
passage-suspension,112,hr,1264.0,Yea
passage-suspension,112,hr,1892.0,Yea
passage-suspension,112,hr,292.0,Yea
passage-suspension,112,hr,1627.0,Yea
passage-suspension,112,hr,2633.0,Yea
passage,112,hr,2219.0,Nay
passage,112,hconres,28.0,Yea
passage-suspension,112,hr,2867.0,Yea
passage,112,hres,5.0,Nay
passage-suspension,112,hconres,13.0,Yea
passage,112,hres,200.0,Nay
passage-suspension,112,hres,22.0,Yea
passage-suspension,112,hr,1070.0,Yea
passage,112,hres,383.0,Nay
passage,112,hres,382.0,Nay
passage-suspension,112,hr,2061.0,Yea
passage,112,hres,463.0,Nay
passage,112,hres,384.0,Nay
passage-suspension,112,hr,440.0,Yea
passage-suspension,112,hr,1965.0,Yea
passage-suspension,112,hr,2244.0,Yea
passage-suspension,112,hr,1843.0,Yea
passage-suspension,112,s,1280.0,Yea
passage,112,hres,237.0,Nay
passage,112,hr,2551.0,Nay
passage,112,hconres,51.0,Yea
passage-suspension,112,hres,364.0,Yea
passage,112,hr,2112.0,Nay
passage,112,hres,223.0,Nay
passage-suspension,112,hr,2192.0,Yea
passage,112,hr,1473.0,Nay
passage,112,hres,470.0,Nay
passage,112,hr,471.0,Not Voting
passage,112,hres,444.0,Nay
passage-suspension,112,hr,2447.0,Yea
passage,112,hconres,43.0,Nay
passage-suspension,112,hjres,2.0,Nay
passage-suspension,112,hr,3012.0,Yea
passage,112,hres,467.0,Nay
passage,112,hres,219.0,Not Voting
passage,112,hr,2017.0,Nay
passage,112,hres,218.0,Nay
passage-suspension,112,s,349.0,Yea
passage-suspension,112,hr,1160.0,Yea
passage,112,hres,189.0,Nay
passage-suspension,112,hconres,67.0,Yea
passage,112,hr,2055.0,Nay
passage-suspension,112,hr,2646.0,Yea
passage-suspension,112,hr,2189.0,Yea
passage-suspension,112,hr,1484.0,Yea
passage-suspension,112,hr,802.0,Yea
passage-suspension,112,hr,1954.0,Yea
passage,112,hconres,30.0,Nay
passage,112,hres,409.0,Nay
passage,112,hr,3079.0,Nay
passage,112,hres,425.0,Nay
passage-suspension,112,hr,2433.0,Yea
passage,112,hres,92.0,Nay
passage-suspension,112,s,1082.0,Nay
passage,112,hres,501.0,Nay
passage-suspension,112,hr,793.0,Yea
passage,112,hres,170.0,Nay
passage-suspension,112,hr,2944.0,Yea
passage,112,s,990.0,Nay
passage,112,hr,2018.0,Nay
passage-suspension,112,hr,2158.0,Yea
passage,112,hres,419.0,Nay
passage,112,hres,264.0,Nay
passage-suspension,112,hr,3220.0,Yea
passage,112,hr,2832.0,Yea
passage,112,hres,73.0,Nay
passage,112,hr,3080.0,Nay
passage,113,hr,803.0,Nay
passage-suspension,113,hr,324.0,Yea
passage-suspension,113,hjres,72.0,Nay
passage-suspension,113,hr,1073.0,Yea
passage,113,hr,45.0,Nay
passage,113,hr,273.0,Nay
passage,113,hconres,15.0,Nay
passage,113,hr,2667.0,Nay
passage,113,hconres,25.0,Nay
passage-suspension,113,hjres,70.0,Nay
passage-suspension,113,hr,756.0,Yea
passage,113,hres,164.0,Nay
passage-suspension,113,hr,3205.0,Yea
passage-suspension,113,hr,507.0,Yea
passage,113,hres,66.0,Nay
passage,113,hr,933.0,Nay
passage-suspension,113,hres,65.0,Yea
passage,113,hres,300.0,Nay
passage-suspension,113,hjres,71.0,Nay
passage-suspension,113,hjres,91.0,Yea
passage,113,hres,122.0,Nay
passage-suspension,113,hr,1412.0,Yea
passage-suspension,113,hr,2611.0,Yea
passage-suspension,113,hr,2848.0,Yea
passage-suspension,113,hr,291.0,Yea
passage-suspension,113,hr,967.0,Yea
passage-suspension,113,hr,1341.0,Yea
passage,113,hres,202.0,Nay
passage-suspension,113,hr,2011.0,Yea
passage-suspension,113,hr,1163.0,Yea
passage-suspension,113,hr,253.0,Yea
passage-suspension,113,hr,3588.0,Yea
passage-suspension,113,hr,1911.0,Yea
passage-suspension,113,hr,3095.0,Yea
passage-suspension,113,hr,634.0,Yea
passage-suspension,113,hr,251.0,Yea
passage-suspension,113,hr,255.0,Not Voting
passage-suspension,113,hr,850.0,Yea
passage-suspension,113,hr,3547.0,Yea
passage,113,hres,266.0,Nay
passage-suspension,113,hr,862.0,Yea
passage-suspension,113,hr,1157.0,Yea
passage,113,hres,256.0,Nay
passage,113,hres,351.0,Nay
passage,113,hres,352.0,Nay
passage-suspension,113,hres,441.0,Nay
passage-suspension,113,hr,2600.0,Yea
passage-suspension,113,hr,2747.0,Not Voting
passage-suspension,113,hr,3092.0,Yea
passage,113,hres,361.0,Nay
passage,113,hr,2775.0,Nay
passage,113,hres,322.0,Nay
passage-suspension,113,hr,3521.0,Yea
passage-suspension,113,hr,2449.0,Not Voting
passage,113,hres,366.0,Nay
passage,113,hres,339.0,Nay
passage-suspension,113,hr,1155.0,Not Voting
passage-suspension,113,hr,1896.0,Yea
passage-suspension,113,hr,1992.0,Yea
passage-suspension,113,hr,1402.0,Yea
passage,113,hres,438.0,Nay
passage-suspension,113,hr,1897.0,Yea
passage,113,hres,274.0,Yea
passage,113,hres,178.0,Nay
passage,113,hjres,79.0,Nay
passage-suspension,113,hr,360.0,Yea
passage-suspension,113,hr,2871.0,Yea
passage,113,hjres,85.0,Nay
passage-suspension,113,sconres,10.0,Yea
passage-suspension,113,hr,307.0,Yea
passage,113,hr,3223.0,Yea
passage-suspension,113,hr,338.0,Yea
passage-suspension,113,hr,701.0,Yea
passage,113,hr,2609.0,Nay
passage,113,hjres,73.0,Nay
passage-suspension,113,hr,1206.0,Yea
passage,113,hjres,80.0,Not Voting
passage,113,hjres,99.0,Nay
passage,113,hres,175.0,Nay
passage-suspension,113,hr,297.0,Yea
passage-suspension,113,hr,1765.0,Nay
passage-suspension,113,s,622.0,Yea
passage-suspension,113,hr,384.0,Yea
passage,113,hjres,75.0,Nay
passage-suspension,113,hr,668.0,Nay
passage-suspension,113,hr,767.0,Yea
passage-suspension,113,hr,1542.0,Yea
passage-suspension,113,hr,1162.0,Yea
passage,113,hres,288.0,Nay
passage,113,hr,3080.0,Yea
passage-suspension,113,hr,882.0,Yea
passage-suspension,113,hr,185.0,Yea
passage-suspension,113,hr,1171.0,Yea
passage,113,hres,368.0,Not Voting
passage,113,hr,2642.0,Nay
passage-suspension,113,hr,258.0,Yea
passage,113,hres,115.0,Nay
passage-suspension,113,hr,1344.0,Yea
passage-suspension,113,hr,2576.0,Yea
passage,113,hres,367.0,Nay
passage-suspension,113,hres,77.0,Not Voting
passage-suspension,113,hr,267.0,Yea
passage,113,hr,3273.0,Nay
passage-suspension,113,hr,667.0,Yea
passage-suspension,113,hconres,19.0,Yea
passage-suspension,113,hr,307.0,Yea
passage,113,hr,2775.0,Yea
passage-suspension,113,hr,1564.0,Yea
passage,113,hr,152.0,Yea
passage-suspension,113,hr,2189.0,Yea
passage-suspension,113,hr,249.0,Nay
passage,113,hres,23.0,Nay
passage,113,hjres,89.0,Yea
passage,113,hr,2668.0,Nay
passage,113,hres,215.0,Nay
passage-suspension,113,hr,1848.0,Yea
passage-suspension,113,s,1348.0,Yea
passage-suspension,113,hconres,18.0,Yea
passage,113,hr,2216.0,Yea
passage-suspension,113,hr,2844.0,Not Voting
passage,113,hres,5.0,Nay
passage,113,hr,3102.0,Nay
passage-suspension,113,hres,354.0,Not Voting
passage-suspension,113,hr,219.0,Yea
passage,113,hr,2217.0,Nay
passage-suspension,113,hr,742.0,Yea
passage,113,hr,2397.0,Nay
passage-suspension,113,hr,876.0,Yea
passage-suspension,113,hr,2383.0,Yea
passage-suspension,113,hr,1204.0,Yea
passage-suspension,113,hr,1038.0,Yea
passage-suspension,113,hr,1961.0,Not Voting
passage-suspension,113,hr,2052.0,Not Voting
passage-suspension,113,hr,41.0,Yea
passage-suspension,113,hr,2719.0,Yea
passage-suspension,113,hr,1092.0,Yea
passage-suspension,113,hr,1151.0,Yea
passage-suspension,113,s,1471.0,Yea
passage-suspension,113,hr,2319.0,Yea
passage-suspension,113,s,459.0,Not Voting
passage-suspension,113,s,130.0,Not Voting
passage,113,hr,3210.0,Yea
passage,113,hjres,59.0,Nay
passage-suspension,113,hr,2019.0,Nay
passage,113,hr,1797.0,Nay
passage-suspension,113,hr,3212.0,Yea
passage,113,hr,2879.0,Nay
passage-suspension,113,hr,1864.0,Yea
passage-suspension,113,s,793.0,Yea
passage-suspension,113,hr,2251.0,Yea
passage-suspension,113,hr,1412.0,Yea
passage-suspension,113,hr,301.0,Yea
passage-suspension,113,s,304.0,Not Voting
passage,113,hjres,59.0,Nay
passage-suspension,113,s,256.0,Not Voting
passage,113,hres,83.0,Yea
passage,113,hr,807.0,Nay
passage-suspension,113,hconres,58.0,Yea
passage-suspension,113,hr,1580.0,Yea
passage,113,hjres,77.0,Nay
passage,113,hres,243.0,Nay
passage-suspension,113,hr,1035.0,Not Voting
passage,113,hres,370.0,Nay
passage-suspension,113,hr,254.0,Yea
passage-suspension,113,hr,1067.0,Yea
passage-suspension,113,hr,2061.0,Yea
passage-suspension,113,hr,2922.0,Yea
passage-suspension,113,hr,592.0,Yea
passage-suspension,113,hr,588.0,Yea
passage-suspension,113,hr,1033.0,Yea
passage,113,hres,232.0,Nay
passage,113,hr,933.0,Nay
passage,113,hr,678.0,Yea
passage,113,hr,3230.0,Nay
passage,113,hres,371.0,Nay
passage-suspension,113,hconres,44.0,Yea
passage-suspension,113,hr,180.0,Yea
passage,113,hres,146.0,Nay
passage,113,hr,624.0,Not Voting
passage,113,hr,527.0,Yea
passage-suspension,113,hr,272.0,Yea
passage-suspension,113,hr,1068.0,Yea
passage,113,hres,378.0,Nay
passage-suspension,113,hr,225.0,Yea
passage-suspension,113,hr,5405.0,Nay
passage-suspension,113,s,476.0,Yea
passage-suspension,113,hr,2366.0,Yea
passage,113,hres,661.0,Nay
passage,113,hr,6.0,Nay
passage-suspension,113,hr,5739.0,Yea
passage,113,hres,530.0,Nay
passage-suspension,113,hr,2860.0,Yea
passage,113,hr,83.0,Nay
passage,113,hres,501.0,Nay
passage-suspension,113,hr,5699.0,Yea
passage-suspension,113,hr,3060.0,Yea
passage,113,hr,3547.0,Yea
passage-suspension,113,s,1000.0,Yea
passage-suspension,113,hr,3572.0,Yea
passage-suspension,113,hr,3240.0,Yea
passage-suspension,113,s,2154.0,Yea
passage-suspension,113,hr,4263.0,Yea
passage,113,hres,775.0,Nay
passage-suspension,113,hr,1233.0,Yea
passage,113,hres,465.0,Nay
passage-suspension,113,hr,1813.0,Yea
passage,113,hr,3811.0,Nay
passage-suspension,113,hr,5806.0,Nay
passage-suspension,113,hres,599.0,Yea
passage-suspension,113,hr,724.0,Not Voting
passage-suspension,113,hr,5089.0,Not Voting
passage,113,hres,680.0,Nay
passage,113,hr,5016.0,Nay
passage,113,hr,5078.0,Not Voting
passage,113,hjres,76.0,Yea
passage-suspension,113,hr,4225.0,Yea
passage-suspension,113,hr,3628.0,Not Voting
passage-suspension,113,hr,3527.0,Not Voting
passage,113,hres,575.0,Nay
passage,113,hr,4935.0,Nay
passage-suspension,113,hr,3202.0,Yea
passage,113,hres,567.0,Nay
passage-suspension,113,hr,3230.0,Yea
passage-suspension,113,hr,4751.0,Yea
passage-suspension,113,hr,4450.0,Yea
passage-suspension,113,hr,4411.0,Yea
passage,113,hr,4923.0,Nay
passage-suspension,113,hr,4195.0,Yea
passage-suspension,113,hr,2678.0,Yea
passage,113,hres,694.0,Nay
passage,113,hr,3361.0,Nay
passage-suspension,113,hr,2548.0,Yea
passage-suspension,113,hr,863.0,Yea
passage,113,hres,676.0,Nay
passage-suspension,113,hr,1022.0,Yea
passage,113,hr,4745.0,Nay
passage,113,hr,4719.0,Nay
passage,113,hr,4138.0,Not Voting
passage,113,hres,766.0,Nay
passage-suspension,113,hr,357.0,Yea
passage,113,hr,4453.0,Nay
passage-suspension,113,hr,3474.0,Yea
passage-suspension,113,hr,4120.0,Yea
passage-suspension,113,hres,447.0,Yea
passage-suspension,113,hr,4278.0,Yea
passage-suspension,113,hr,627.0,Yea
passage-suspension,113,hr,1944.0,Yea
passage,113,hr,4.0,Nay
passage,113,hconres,96.0,Nay
passage,113,hres,636.0,Not Voting
passage-suspension,113,s,25.0,Nay
passage-suspension,113,hres,758.0,Yea
passage-suspension,113,hr,4152.0,Yea
passage-suspension,113,hr,1791.0,Yea
passage,113,hres,629.0,Nay
passage-suspension,113,hr,5769.0,Yea
passage,113,s,540.0,Yea
passage-suspension,113,hr,938.0,Yea
passage,113,hr,2.0,Nay
passage-suspension,113,hr,4152.0,Not Voting
passage-suspension,113,hres,488.0,Yea
passage,113,hr,4414.0,Nay
passage-suspension,113,hr,4192.0,Yea
passage-suspension,113,hr,4681.0,Nay
passage-suspension,113,s,230.0,Yea
passage,113,hr,4457.0,Nay
passage-suspension,113,hr,2274.0,Yea
passage-suspension,113,hr,1204.0,Yea
passage,113,hr,4870.0,Nay
passage,113,hr,3979.0,Nay
passage,113,hr,4015.0,Nay
passage-suspension,113,hr,3008.0,Yea
passage-suspension,113,hr,5462.0,Yea
passage-suspension,113,hr,3584.0,Yea
passage,113,hr,3301.0,Not Voting
passage-suspension,113,hr,5461.0,Nay
passage-suspension,113,s,2040.0,Yea
passage-suspension,113,s,2183.0,Not Voting
passage-suspension,113,hr,3438.0,Yea
passage-suspension,113,s,1044.0,Not Voting
passage-suspension,113,hr,2166.0,Yea
passage,113,hr,5759.0,Nay
passage,113,s,2244.0,Yea
passage,113,hr,3362.0,Nay
passage,113,hres,776.0,Nay
passage-suspension,113,hr,801.0,Yea
passage-suspension,113,hr,2719.0,Yea
passage-suspension,113,hr,1513.0,Yea
passage-suspension,113,hr,5629.0,Yea
passage-suspension,113,hr,5050.0,Yea
passage,113,hr,3590.0,Nay
passage-suspension,113,s,1603.0,Yea
passage,113,hr,4487.0,Yea
passage-suspension,113,hr,4292.0,Yea
passage-suspension,113,hr,24.0,Yea
passage,113,hr,3393.0,Nay
passage-suspension,113,hr,3080.0,Yea
passage-suspension,113,hr,5019.0,Not Voting
passage-suspension,113,hr,2203.0,Yea
passage,113,hres,644.0,Not Voting
passage,113,hr,5230.0,Nay
passage,113,hr,4438.0,Nay
passage-suspension,113,hr,5111.0,Yea
passage-suspension,113,hr,4031.0,Nay
passage-suspension,113,hr,503.0,Yea
passage,113,hres,590.0,Nay
passage-suspension,113,hr,685.0,Yea
passage,113,hres,715.0,Not Voting
passage-suspension,113,hr,4283.0,Not Voting
passage-suspension,113,hr,3530.0,Yea
passage,113,hres,710.0,Nay
passage-suspension,113,hr,4412.0,Yea
passage-suspension,113,hr,5029.0,Yea
passage-suspension,113,hr,935.0,Nay
passage,113,hres,574.0,Nay
passage,113,hres,565.0,Nay
passage,113,hconres,105.0,Yea
passage,113,hres,722.0,Nay
passage-suspension,113,hr,4809.0,Yea
passage-suspension,113,hr,5108.0,Yea
passage,113,hr,4660.0,Nay
passage-suspension,113,hr,5161.0,Yea
passage,113,hres,576.0,Nay
passage-suspension,113,hr,5081.0,Yea
passage-suspension,113,hr,4289.0,Yea
passage-suspension,113,hr,2431.0,Yea
passage,113,hr,4118.0,Nay
passage,113,hres,748.0,Nay
passage,113,hr,4486.0,Yea
passage-suspension,113,hr,1211.0,Yea
passage-suspension,113,hr,1123.0,Yea
passage-suspension,113,hr,4414.0,Nay
passage,113,hr,7.0,Nay
passage,113,hres,617.0,Yea
passage,113,hres,628.0,Nay
passage-suspension,113,hr,3979.0,Yea
passage-suspension,113,hr,803.0,Yea
passage-suspension,113,hr,3370.0,Yea
passage-suspension,113,hr,3448.0,Yea
passage-suspension,113,hr,316.0,Not Voting
passage-suspension,113,hr,4194.0,Yea
passage,113,hr,4413.0,Not Voting
passage-suspension,113,hr,5162.0,Yea
passage-suspension,113,hr,1228.0,Yea
passage-suspension,113,hr,2126.0,Yea
passage-suspension,113,hres,499.0,Yea
passage-suspension,113,hr,1671.0,Yea
passage,113,hr,647.0,Yea
passage-suspension,113,hr,3375.0,Yea
passage,113,hr,2642.0,Nay
passage,114,s,1.0,Nay
passage,114,hr,3504.0,Nay
passage-suspension,114,hconres,25.0,Yea
passage,114,hres,315.0,Nay
passage,114,hres,347.0,Nay
passage,114,hres,305.0,Nay
passage,114,hres,42.0,Nay
passage,114,hres,462.0,Not Voting
passage,114,hr,2029.0,Yea
passage-suspension,114,hr,1020.0,Yea
passage-suspension,114,hr,203.0,Yea
passage-suspension,114,hr,294.0,Yea
passage-suspension,114,hr,23.0,Yea
passage-suspension,114,hres,348.0,Yea
passage-suspension,114,hres,162.0,Yea
passage,114,hr,685.0,Nay
passage,114,hr,2029.0,Nay
passage,114,hr,2685.0,Nay
passage-suspension,114,hr,322.0,Yea
passage,114,hres,461.0,Nay
passage,114,hr,644.0,Nay
passage-suspension,114,hr,360.0,Nay
passage-suspension,114,hr,33.0,Yea
passage,114,hres,129.0,Nay
passage,114,hr,2393.0,Yea
passage,114,hr,1937.0,Nay
passage,114,hr,3.0,Nay
passage-suspension,114,hr,1313.0,Yea
passage,114,hr,3236.0,Yea
passage-suspension,114,hr,675.0,Yea
passage,114,hr,2048.0,Nay
passage,114,hr,2028.0,Nay
passage-suspension,114,hr,91.0,Yea
passage,114,hr,2250.0,Yea
passage-suspension,114,s,1170.0,Yea
passage,114,hr,1994.0,Nay
passage-suspension,114,hr,2722.0,Yea
passage-suspension,114,hr,158.0,Yea
passage,114,hres,260.0,Nay
passage-suspension,114,s,1090.0,Yea
passage-suspension,114,hr,2770.0,Yea
passage-suspension,114,hr,3750.0,Yea
passage-suspension,114,s,1482.0,Yea
passage,114,hr,3461.0,Yea
passage,114,hr,2262.0,Nay
passage-suspension,114,hr,2499.0,Yea
passage,114,hres,526.0,Nay
passage,114,hr,1737.0,Nay
passage,114,hres,411.0,Nay
passage-suspension,114,hr,1214.0,Yea
passage-suspension,114,hr,2297.0,Yea
passage,114,s,1177.0,Yea
passage-suspension,114,hr,1656.0,Yea
passage-suspension,114,hr,4246.0,Yea
passage,114,hr,1210.0,Nay
passage-suspension,114,hr,1694.0,Nay
passage,114,hres,274.0,Nay
passage-suspension,114,hr,251.0,Yea
passage,114,hr,2578.0,Nay
passage,114,hr,3192.0,Nay
passage,114,hr,2577.0,Nay
passage-suspension,114,hres,354.0,Yea
passage-suspension,114,hr,876.0,Yea
passage,114,hr,597.0,Yea
passage,114,hr,749.0,Yea
passage-suspension,114,hr,1853.0,Yea
passage-suspension,114,hr,719.0,Yea
passage-suspension,114,hr,1265.0,Nay
passage-suspension,114,hr,361.0,Yea
passage-suspension,114,hr,1615.0,Yea
passage,114,hres,321.0,Nay
passage,114,hres,448.0,Nay
passage,114,sconres,11.0,Nay
passage-suspension,114,hr,651.0,Yea
passage,114,hr,1295.0,Yea
passage-suspension,114,hr,2200.0,Yea
passage-suspension,114,hr,647.0,Yea
passage-suspension,114,hr,648.0,Yea
passage,114,hres,507.0,Nay
passage,114,hr,1314.0,Yea
passage,114,hr,240.0,Nay
passage,114,hr,1295.0,Yea
passage,114,hres,223.0,Nay
passage,114,hres,338.0,Nay
passage,114,hr,351.0,Nay
passage-suspension,114,hr,1480.0,Yea
passage,114,hr,160.0,Nay
passage-suspension,114,hres,295.0,Yea
passage,114,hres,483.0,Nay
passage,114,hr,2289.0,Nay
passage,114,hjres,35.0,Nay
passage-suspension,114,hr,3350.0,Yea
passage-suspension,114,hr,734.0,Yea
passage-suspension,114,hr,431.0,Yea
passage,114,hr,622.0,Nay
passage-suspension,114,hr,1553.0,Yea
passage-suspension,114,hr,2559.0,Yea
passage-suspension,114,hr,1563.0,Nay
passage,114,hr,3457.0,Nay
passage-suspension,114,hr,91.0,Yea
passage-suspension,114,hr,469.0,Yea
passage-suspension,114,hr,3493.0,Yea
passage-suspension,114,hr,216.0,Yea
passage,114,hres,163.0,Nay
passage,114,hr,692.0,Nay
passage,114,hr,10.0,Nay
passage,114,hres,303.0,Nay
passage,114,hres,48.0,Nay
passage-suspension,114,hr,1562.0,Yea
passage-suspension,114,hres,233.0,Yea
passage-suspension,114,hr,4239.0,Yea
passage,114,hr,1735.0,Nay
passage-suspension,114,hr,1839.0,Yea
passage,114,hr,650.0,Nay
passage,114,hr,161.0,Nay
passage,114,hr,1195.0,Nay
passage,114,hr,2029.0,Nay
passage-suspension,114,hr,246.0,Yea
passage-suspension,114,hr,720.0,Yea
passage,114,hjres,43.0,Nay
passage-suspension,114,hr,212.0,Yea
passage-suspension,114,hr,2256.0,Yea
passage-suspension,114,hr,2146.0,Yea
passage-suspension,114,hr,2288.0,Yea
passage-suspension,114,hr,1300.0,Yea
passage-suspension,114,hr,2297.0,Yea
passage-suspension,114,hr,26.0,Yea
passage-suspension,114,hr,606.0,Yea
passage,114,hr,2130.0,Nay
passage-suspension,114,hr,308.0,Nay
passage-suspension,114,hr,1382.0,Yea
passage-suspension,114,hr,1384.0,Yea
passage,114,hres,288.0,Nay
passage-suspension,114,hr,3578.0,Yea
passage,114,hr,22.0,Yea
passage-suspension,114,hr,37.0,Nay
passage-suspension,114,hr,3842.0,Not Voting
passage-suspension,114,hr,2795.0,Yea
passage-suspension,114,hr,1191.0,Yea
passage-suspension,114,hr,1557.0,Yea
passage,114,hres,255.0,Nay
passage-suspension,114,hr,2270.0,Yea
passage-suspension,114,s,178.0,Yea
passage-suspension,114,hr,1338.0,Yea
passage,114,hres,271.0,Nay
passage-suspension,114,s,1356.0,Nay
passage-suspension,114,hr,1723.0,Yea
passage,114,hres,529.0,Nay
passage,114,hres,287.0,Nay
passage,114,hr,511.0,Nay
passage-suspension,114,hres,536.0,Yea
passage,114,hres,370.0,Nay
passage-suspension,114,s,1359.0,Not Voting
passage,114,sjres,23.0,Nay
passage-suspension,114,hr,3114.0,Yea
passage,114,hr,880.0,Nay
passage-suspension,114,hr,2997.0,Yea
passage,114,sjres,24.0,Nay
passage-suspension,114,hr,1949.0,Yea
passage,114,hres,412.0,Nay
passage-suspension,114,hr,2820.0,Yea
passage-suspension,114,hr,2835.0,Yea
passage-suspension,114,hr,615.0,Yea
passage,114,hconres,55.0,Yea
passage,114,hconres,27.0,Nay
passage-suspension,114,s,2082.0,Yea
passage-suspension,114,hr,1259.0,Nay
passage-suspension,114,hr,805.0,Yea
passage,114,hr,719.0,Yea
passage-suspension,114,hr,373.0,Yea
passage,114,hr,538.0,Nay
passage-suspension,114,hr,1191.0,Yea
passage,114,hr,1090.0,Nay
passage-suspension,114,hr,2576.0,Yea
passage-suspension,114,hr,1324.0,Yea
passage-suspension,114,hr,2786.0,Yea
passage,114,hr,1190.0,Nay
passage,114,hr,2.0,Yea
passage,114,hres,173.0,Yea
passage,114,hconres,79.0,Nay
passage-suspension,114,hr,623.0,Yea
passage,114,hres,450.0,Yea
passage,114,sjres,8.0,Nay
passage,114,hr,2017.0,Nay
passage-suspension,114,hr,4096.0,Yea
passage,114,hr,4890.0,Nay
passage-suspension,114,hr,4855.0,Yea
passage-suspension,114,hr,5977.0,Yea
passage-suspension,114,s,719.0,Yea
passage-suspension,114,hr,5713.0,Yea
passage-suspension,114,hr,757.0,Yea
passage-suspension,114,hr,5859.0,Yea
passage-suspension,114,hr,4570.0,Yea
passage-suspension,114,hres,658.0,Yea
passage-suspension,114,hr,5388.0,Not Voting
passage,114,hr,5293.0,Nay
veto-override,114,s,2040.0,Yea
passage,114,hres,934.0,Nay
passage,114,hr,4557.0,Nay
passage,114,hr,6392.0,Nay
passage-suspension,114,hr,5963.0,Yea
passage-suspension,114,hr,5037.0,Yea
passage,114,hr,5461.0,Nay
passage-suspension,114,hr,897.0,Nay
passage,114,sjres,22.0,Nay
passage-suspension,114,hr,5613.0,Yea
passage,114,hr,1270.0,Nay
passage,114,hr,3724.0,Nay
passage-suspension,114,hr,6007.0,Yea
passage-suspension,114,hr,4820.0,Nay
passage-suspension,114,hr,4314.0,Not Voting
passage-suspension,114,s,1826.0,Yea
passage,114,hres,783.0,Nay
passage-suspension,114,hr,5047.0,Yea
passage-suspension,114,hr,5471.0,Yea
passage-suspension,114,hr,1567.0,Yea
passage-suspension,114,hr,5525.0,Not Voting
passage-suspension,114,hr,5658.0,Yea
passage,114,hr,5143.0,Nay
passage,114,hres,770.0,Nay
passage-suspension,114,hr,6076.0,Yea
passage-suspension,114,hr,4906.0,Not Voting
passage,114,s,304.0,Nay
passage-suspension,114,s,2971.0,Yea
passage-suspension,114,hr,4904.0,Not Voting
passage,114,hr,4775.0,Nay
passage-suspension,114,s,3028.0,Yea
passage,114,hres,744.0,Nay
passage-suspension,114,hr,3881.0,Yea
passage,114,hr,5243.0,Nay
passage,114,hr,2576.0,Yea
passage,114,hres,735.0,Nay
passage,114,hr,5631.0,Nay
passage-suspension,114,hr,5015.0,Yea
passage,114,hconres,112.0,Nay
passage-suspension,114,hr,6416.0,Yea
passage-suspension,114,hr,5607.0,Yea
passage-suspension,114,hr,5312.0,Yea
passage,114,s,764.0,Nay
passage-suspension,114,hr,3998.0,Yea
passage,114,hr,5424.0,Nay
passage-suspension,114,hr,5606.0,Nay
passage-suspension,114,hr,4939.0,Yea
passage,114,s,2943.0,Nay
passage,114,hr,4596.0,Yea
passage-suspension,114,hr,6014.0,Yea
passage-suspension,114,hr,598.0,Yea
passage-suspension,114,hr,2285.0,Yea
passage-suspension,114,hres,780.0,Yea
passage-suspension,114,hr,2669.0,Not Voting
passage-suspension,114,hconres,75.0,Yea
passage-suspension,114,hr,5625.0,Yea
passage-suspension,114,hr,5785.0,Yea
passage,114,hr,3340.0,Nay
passage-suspension,114,hr,4470.0,Yea
passage-suspension,114,hr,2901.0,Yea
passage,114,hr,2577.0,Nay
passage,114,hr,4641.0,Yea
passage-suspension,114,hr,6297.0,Yea
passage-suspension,114,hconres,121.0,Yea
passage-suspension,114,hr,5523.0,Yea
passage-suspension,114,hr,5946.0,Yea
passage-suspension,114,hr,3231.0,Yea
passage-suspension,114,hr,4416.0,Yea
passage-suspension,114,hr,5147.0,Yea
passage-suspension,114,hr,4843.0,Yea
passage,114,hr,1675.0,Nay
passage,114,hr,4498.0,Nay
passage,114,hr,3791.0,Nay
passage,114,hjres,88.0,Nay
passage-suspension,114,hr,4676.0,Yea
passage-suspension,114,hr,5690.0,Yea
passage-suspension,114,hr,5392.0,Not Voting
passage-suspension,114,hr,136.0,Yea
passage-suspension,114,s,3283.0,Yea
passage-suspension,114,hr,6393.0,Yea
passage,114,hres,893.0,Nay
passage-suspension,114,hr,5389.0,Not Voting
passage-suspension,114,hr,3735.0,Yea
passage-suspension,114,hr,5798.0,Yea
veto-override,114,hjres,88.0,Nay
passage-suspension,114,hr,4419.0,Yea
passage-suspension,114,hr,4336.0,Yea
passage,114,hr,4885.0,Nay
passage-suspension,114,hr,4407.0,Yea
passage,114,hr,5485.0,Nay
passage-suspension,114,hr,757.0,Yea
passage-suspension,114,hr,4923.0,Yea
passage-suspension,114,s,1252.0,Yea
passage,114,hr,3590.0,Nay
passage-suspension,114,hr,4168.0,Yea
passage-suspension,114,s,1550.0,Yea
passage-suspension,114,hr,4755.0,Yea
passage-suspension,114,hr,4742.0,Yea
passage-suspension,114,hr,5049.0,Yea
passage-suspension,114,hr,3537.0,Not Voting
passage,114,hr,3716.0,Yea
passage-suspension,114,hr,4238.0,Yea
passage-suspension,114,hr,2187.0,Yea
passage-suspension,114,hr,2646.0,Yea
passage-suspension,114,hr,4408.0,Yea
passage-suspension,114,hr,699.0,Yea
passage-suspension,114,hr,5587.0,Yea
passage,114,s,524.0,Yea
passage-suspension,114,hr,4743.0,Yea
passage-suspension,114,hres,729.0,Yea
passage-suspension,114,hr,4402.0,Yea
passage,114,s,524.0,Yea
passage,114,hr,3762.0,Nay
passage,114,hr,4992.0,Nay
passage-suspension,114,hr,4889.0,Nay
passage-suspension,114,hr,4919.0,Yea
passage,114,hr,4974.0,Nay
passage,114,hr,5119.0,Nay
passage-suspension,114,hr,5578.0,Yea
passage,114,hr,5538.0,Nay
passage-suspension,114,hr,3826.0,Yea
passage-suspension,114,hr,1219.0,Yea
passage-suspension,114,hr,5790.0,Not Voting
passage-suspension,114,hr,1815.0,Not Voting
passage,114,hr,2028.0,Nay
passage,114,hres,949.0,Nay
passage,114,hconres,89.0,Nay
passage-suspension,114,hres,939.0,Yea
passage-suspension,114,hr,6427.0,Yea
passage,114,hr,5055.0,Nay
passage-suspension,114,hr,5602.0,Yea
passage,114,hres,859.0,Nay
passage,114,hres,743.0,Nay
passage-suspension,114,hres,835.0,Yea
passage-suspension,114,hr,5077.0,Yea
passage-suspension,114,hconres,129.0,Not Voting
passage,114,hres,820.0,Nay
passage-suspension,114,s,1635.0,Yea
passage,114,hres,819.0,Nay
passage-suspension,114,hr,6394.0,Yea
passage,114,hr,5325.0,Nay
passage-suspension,114,hres,847.0,Not Voting
passage-suspension,114,hres,660.0,Yea
passage-suspension,114,hr,4586.0,Yea
passage,114,hr,5620.0,Nay
passage,114,hr,3700.0,Yea
passage-suspension,114,hr,670.0,Yea
passage-suspension,114,hr,3957.0,Yea
passage,114,hr,5046.0,Yea
passage,114,hr,766.0,Nay
passage-suspension,114,hr,4957.0,Yea
passage-suspension,114,hr,3036.0,Yea
passage,114,hres,706.0,Nay
passage,114,hr,5719.0,Nay
passage-suspension,114,hr,5422.0,Yea
passage-suspension,114,hr,985.0,Yea
passage-suspension,114,s,2426.0,Yea
passage-suspension,114,hr,2081.0,Yea
passage,114,hres,639.0,Nay
passage-suspension,114,hr,5019.0,Yea
passage,114,hres,619.0,Nay
passage-suspension,114,hr,5052.0,Yea
passage-suspension,114,hr,5659.0,Yea
passage-suspension,114,s,1890.0,Yea
passage-suspension,114,hr,4854.0,Yea
passage,114,hr,3662.0,Nay
passage,114,hr,5351.0,Nay
passage-suspension,114,hr,1818.0,Yea
veto-override,114,hr,3762.0,Nay
passage-suspension,114,hr,3447.0,Yea
passage,114,hr,5325.0,Yea
passage,114,hr,5711.0,Nay
passage,114,hres,649.0,Nay
passage,114,hres,921.0,Nay
passage,114,hr,6094.0,Nay
passage-suspension,114,hr,4434.0,Yea
passage-suspension,114,hr,4757.0,Yea
passage-suspension,114,hr,5320.0,Yea
passage-suspension,115,hr,244.0,Yea
passage,115,hjres,41.0,Nay
passage-suspension,115,hr,654.0,Yea
passage,115,hres,538.0,Nay
passage,115,hr,4015.0,Nay
passage-suspension,115,hr,3823.0,Nay
passage-suspension,115,hr,3243.0,Yea
passage-suspension,115,hr,699.0,Yea
passage-suspension,115,hr,1698.0,Yea
passage,115,hres,22.0,Not Voting
passage-suspension,115,hr,3903.0,Yea
passage,115,hr,1301.0,Nay
passage,115,hres,454.0,Nay
passage,115,hr,5.0,Nay
passage-suspension,115,hr,2061.0,Yea
passage,115,hjres,38.0,Nay
passage-suspension,115,hr,974.0,Yea
passage-suspension,115,hr,337.0,Yea
passage-suspension,115,hr,2521.0,Not Voting
passage,115,hres,11.0,Yea
passage,115,hres,180.0,Nay
passage-suspension,115,hr,452.0,Yea
passage,115,hr,2201.0,Nay
passage-suspension,115,hr,2052.0,Not Voting
passage-suspension,115,hr,1842.0,Yea
passage-suspension,115,hr,876.0,Yea
passage-suspension,115,hr,2658.0,Yea
passage,115,hr,3017.0,Yea
passage,115,hr,2396.0,Nay
passage-suspension,115,hr,3911.0,Yea
passage,115,hr,1973.0,Yea
passage,115,hres,352.0,Not Voting
passage,115,hr,244.0,Yea
passage-suspension,115,hr,3071.0,Yea
passage,115,hres,599.0,Yea
passage-suspension,115,hr,467.0,Not Voting
passage,115,hr,4324.0,Nay
passage,115,hjres,123.0,Nay
passage,115,hr,601.0,Yea
passage-suspension,115,hres,187.0,Yea
passage-suspension,115,hr,1312.0,Yea
passage-suspension,115,hr,4254.0,Yea
passage-suspension,115,hconres,90.0,Yea
passage,115,hjres,99.0,Nay
passage,115,hr,1.0,Nay
passage-suspension,115,hres,92.0,Yea
passage-suspension,115,hr,3731.0,Yea
passage-suspension,115,s,496.0,Yea
passage,115,hres,504.0,Nay
passage,115,hres,600.0,Nay
passage,115,hr,115.0,Nay
passage,115,hres,375.0,Nay
passage-suspension,115,hr,3115.0,Nay
passage-suspension,115,hr,1177.0,Yea
passage,115,hr,3922.0,Nay
passage,115,hr,2874.0,Nay
passage,115,hr,2910.0,Nay
passage-suspension,115,hr,1066.0,Yea
passage,115,hr,1.0,Nay
passage-suspension,115,hr,910.0,Yea
passage,115,hres,668.0,Nay
passage-suspension,115,hr,657.0,Yea
passage,115,hr,10.0,Nay
passage-suspension,115,hr,2672.0,Yea
passage-suspension,115,hr,2825.0,Nay
passage,115,hr,2810.0,Nay
passage,115,hr,2192.0,Yea
passage-suspension,115,hr,2768.0,Yea
passage,115,hr,3219.0,Nay
passage-suspension,115,hr,3562.0,Yea
passage-suspension,115,hres,311.0,Yea
passage-suspension,115,hr,39.0,Yea
passage-suspension,115,hr,497.0,Yea
passage,115,hres,548.0,Nay
passage-suspension,115,s,1532.0,Yea
passage-suspension,115,hjres,92.0,Yea
passage,115,sconres,3.0,Nay
passage-suspension,115,hr,538.0,Yea
passage-suspension,115,hr,1397.0,Yea
passage,115,hr,3003.0,Nay
passage,115,hres,123.0,Nay
passage-suspension,115,hr,423.0,Yea
passage-suspension,115,s,504.0,Yea
passage-suspension,115,hr,2866.0,Yea
passage-suspension,115,hres,397.0,Yea
passage-suspension,115,hr,582.0,Yea
passage,115,hr,1367.0,Yea
passage,115,hjres,67.0,Nay
passage,115,hr,428.0,Nay
passage-suspension,115,hr,374.0,Not Voting
passage-suspension,115,hr,1353.0,Yea
passage-suspension,115,hjres,76.0,Yea
passage-suspension,115,hr,1858.0,Yea
passage-suspension,115,hr,2847.0,Yea
passage-suspension,115,hr,3551.0,Yea
passage-suspension,115,hr,2292.0,Yea
passage-suspension,115,hr,1500.0,Yea
passage,115,s,1094.0,Nay
passage-suspension,115,hr,304.0,Yea
passage,115,hjres,58.0,Nay
passage-suspension,115,hr,1117.0,Yea
passage,115,hr,1370.0,Nay
passage,115,hr,2883.0,Nay
passage-suspension,115,hr,132.0,Yea
passage-suspension,115,s,1393.0,Yea
passage,115,hjres,36.0,Nay
passage-suspension,115,hr,315.0,Yea
passage-suspension,115,s,782.0,Yea
passage-suspension,115,hr,2457.0,Yea
passage,115,hconres,71.0,Nay
passage,115,hr,2579.0,Nay
passage-suspension,115,hr,2464.0,Yea
passage-suspension,115,hr,220.0,Yea
passage-suspension,115,hr,863.0,Yea
passage-suspension,115,hres,569.0,Yea
passage-suspension,115,hr,1159.0,Yea
passage-suspension,115,hr,689.0,Yea
passage,115,hr,1181.0,Nay
passage,115,hjres,44.0,Nay
passage,115,hjres,40.0,Not Voting
passage,115,hjres,57.0,Nay
passage-suspension,115,hr,648.0,Yea
passage,115,hr,4667.0,Nay
passage,115,hr,1304.0,Yea
passage,115,hres,5.0,Nay
passage-suspension,115,hr,2611.0,Yea
passage,115,hr,1695.0,Yea
passage,115,hr,3971.0,Nay
passage-suspension,115,hr,2706.0,Yea
passage-suspension,115,hr,2864.0,Yea
passage,115,hr,1343.0,Nay
passage-suspension,115,hr,4375.0,Yea
passage-suspension,115,hr,1679.0,Yea
passage-suspension,115,hr,3705.0,Yea
passage-suspension,115,hr,3364.0,Yea
passage-suspension,115,hres,355.0,Yea
passage,115,hres,609.0,Nay
passage-suspension,115,hr,2288.0,Yea
passage-suspension,115,hr,3979.0,Yea
passage-suspension,115,hres,502.0,Yea
passage-suspension,115,hr,1730.0,Yea
passage-suspension,115,hr,479.0,Yea
passage,115,hr,1638.0,Nay
passage,115,hr,1219.0,Yea
passage,115,hres,635.0,Nay
passage-suspension,115,hres,354.0,Yea
passage,115,hres,616.0,Nay
passage-suspension,115,hr,4173.0,Yea
passage-suspension,115,s,114.0,Nay
passage,115,hr,3180.0,Nay
passage-suspension,115,hr,1892.0,Yea
passage-suspension,115,hr,3110.0,Yea
passage-suspension,115,hr,2331.0,Yea
passage,115,hr,218.0,Nay
passage,115,hr,1039.0,Nay
passage-suspension,115,hr,1644.0,Yea
passage-suspension,115,hr,4323.0,Yea
passage-suspension,115,hres,259.0,Yea
passage,115,hr,3312.0,Nay
passage-suspension,115,hr,3317.0,Yea
passage,115,hr,477.0,Yea
passage,115,hres,289.0,Nay
passage-suspension,115,hr,1862.0,Yea
passage,115,s,114.0,Yea
passage-suspension,115,hr,3180.0,Nay
passage-suspension,115,hr,3821.0,Yea
passage-suspension,115,hr,1616.0,Yea
passage,115,hres,601.0,Nay
passage-suspension,115,hr,3218.0,Yea
passage,115,hr,849.0,Nay
passage,115,hres,481.0,Nay
passage,115,hr,1694.0,Yea
passage-suspension,115,s,1536.0,Yea
passage-suspension,115,s,1266.0,Yea
passage,115,hres,647.0,Nay
passage,115,sjres,34.0,Nay
passage,115,hr,1.0,Nay
passage-suspension,115,hr,2786.0,Yea
passage,115,hr,3354.0,Nay
passage-suspension,115,hr,1294.0,Yea
passage,115,hjres,42.0,Nay
passage,115,hr,3697.0,Nay
passage-suspension,115,hr,1238.0,Yea
passage-suspension,115,hr,2210.0,Yea
passage-suspension,115,hr,1719.0,Yea
passage-suspension,115,hr,1249.0,Yea
passage-suspension,115,hr,1547.0,Yea
passage,115,hr,1009.0,Nay
passage-suspension,115,hr,1362.0,Yea
passage,115,hr,2792.0,Nay
passage-suspension,115,hr,2547.0,Not Voting
passage-suspension,115,hr,3898.0,Yea
passage-suspension,115,hr,2258.0,Not Voting
passage-suspension,115,hr,1252.0,Yea
passage-suspension,115,hr,1297.0,Yea
passage-suspension,115,hr,3284.0,Yea
passage,115,hjres,66.0,Nay
passage-suspension,115,hr,1492.0,Yea
passage,115,hr,238.0,Nay
passage,115,hjres,69.0,Nay
passage-suspension,115,hr,2142.0,Yea
passage,115,hr,2842.0,Nay
passage,115,hr,3823.0,Nay
passage,115,hconres,71.0,Nay
passage-suspension,115,hr,965.0,Yea
passage,115,hr,79.0,Nay
passage-suspension,115,hres,129.0,Not Voting
passage-suspension,115,hr,1222.0,Yea
passage,115,hr,4.0,Yea
passage-suspension,115,hr,5447.0,Yea
passage-suspension,115,hr,2345.0,Yea
passage,115,hr,195.0,Nay
passage-suspension,115,hr,3186.0,Yea
passage,115,hr,3144.0,Nay
passage,115,hres,696.0,Nay
passage-suspension,115,hjres,2.0,Nay
passage-suspension,115,hr,4578.0,Yea
passage-suspension,115,hr,4989.0,Yea
passage-suspension,115,s,117.0,Yea
passage-suspension,115,hr,4203.0,Yea
passage,115,hres,708.0,Nay
passage-suspension,115,hr,5923.0,Yea
passage,115,hr,4296.0,Nay
passage,115,hr,6691.0,Nay
passage-suspension,115,s,534.0,Yea
passage-suspension,115,hr,4881.0,Not Voting
passage,115,hr,620.0,Nay
passage-suspension,115,s,3628.0,Not Voting
passage-suspension,115,hr,3542.0,Yea
passage-suspension,115,hr,2219.0,Yea
passage-suspension,115,hr,4318.0,Yea
passage,115,hr,1116.0,Nay
passage,115,hr,4293.0,Nay
passage-suspension,115,s,488.0,Yea
passage,115,hr,4790.0,Nay
passage-suspension,115,hr,3030.0,Yea
passage-suspension,115,hr,4909.0,Yea
passage,115,s,139.0,Nay
passage-suspension,115,hr,2615.0,Yea
passage-suspension,115,hr,7217.0,Yea
passage-suspension,115,hr,5273.0,Yea
passage,115,hr,2.0,Nay
passage-suspension,115,hres,792.0,Yea
passage-suspension,115,hr,5676.0,Yea
passage-suspension,115,hr,5787.0,Yea
passage-suspension,115,s,3661.0,Yea
passage-suspension,115,hres,676.0,Yea
passage,115,hr,695.0,Nay
passage-suspension,115,hr,7318.0,Yea
passage-suspension,115,s,3031.0,Yea
passage-suspension,115,s,1023.0,Yea
passage-suspension,115,hr,5682.0,Yea
passage-suspension,115,hr,3008.0,Yea
passage,115,hres,1142.0,Nay
passage,115,hr,5797.0,Nay
passage-suspension,115,hr,6064.0,Yea
passage-suspension,115,s,3029.0,Yea
passage,115,hr,6757.0,Nay
passage,115,hr,6082.0,Nay
passage-suspension,115,s,1158.0,Not Voting
passage-suspension,115,s,2276.0,Yea
passage-suspension,115,hr,4581.0,Yea
passage-suspension,115,hres,1063.0,Yea
passage-suspension,115,hr,4564.0,Yea
passage-suspension,115,hr,2200.0,Yea
passage-suspension,115,hr,4830.0,Yea
passage-suspension,115,hr,7093.0,Yea
passage-suspension,115,hr,4227.0,Yea
passage-suspension,115,s,1934.0,Not Voting
passage-suspension,115,s,7.0,Yea
passage-suspension,115,hr,3832.0,Yea
passage-suspension,115,hr,5005.0,Yea
passage-suspension,115,s,512.0,Not Voting
passage-suspension,115,s,2765.0,Yea
passage,115,hr,5788.0,Nay
passage,115,hr,2.0,Yea
passage,115,hr,6157.0,Yea
passage-suspension,115,s,3247.0,Not Voting
passage-suspension,115,s,3777.0,Yea
passage-suspension,115,hr,5509.0,Yea
passage-suspension,115,s,2200.0,Yea
passage-suspension,115,hr,6287.0,Not Voting
passage-suspension,115,hr,4451.0,Yea
passage-suspension,115,s,2652.0,Yea
passage-suspension,115,hr,5075.0,Yea
passage,115,hr,3249.0,Yea
passage-suspension,115,hr,5890.0,Yea
passage-suspension,115,hres,1091.0,Yea
passage-suspension,115,hr,5783.0,Yea
passage-suspension,115,hr,5891.0,Yea
passage-suspension,115,hr,1660.0,Yea
passage-suspension,115,hr,4946.0,Yea
passage,115,hr,195.0,Nay
passage-suspension,115,hr,835.0,Yea
passage,115,hr,4545.0,Nay
passage-suspension,115,hr,5864.0,Yea
passage,115,hr,5444.0,Yea
passage,115,hr,772.0,Nay
passage-suspension,115,hr,4547.0,Yea
passage-suspension,115,s,167.0,Yea
passage-suspension,115,s,1182.0,Yea
passage-suspension,115,hconres,111.0,Yea
passage-suspension,115,hres,285.0,Yea
passage,115,hr,5645.0,Nay
passage-suspension,115,hr,4406.0,Yea
passage,115,hr,1892.0,Nay
passage,115,hr,200.0,Nay
passage,115,hr,6237.0,Nay
passage,115,hr,2954.0,Nay
passage-suspension,115,hr,4227.0,Yea
passage-suspension,115,hr,3851.0,Yea
passage,115,sjres,57.0,Nay
passage,115,hr,4607.0,Nay
passage-suspension,115,hr,5086.0,Yea
passage,115,hres,727.0,Nay
passage-suspension,115,hr,3183.0,Yea
passage-suspension,115,hr,4854.0,Yea
passage,115,hr,4771.0,Nay
passage,115,hr,184.0,Nay
passage-suspension,115,hr,146.0,Yea
passage-suspension,115,hr,4292.0,Yea
passage,115,hres,734.0,Nay
passage-suspension,115,hr,6439.0,Nay
passage-suspension,115,hr,2905.0,Yea
passage-suspension,115,hr,4465.0,Not Voting
passage-suspension,115,hr,4258.0,Yea
passage-suspension,115,hr,1037.0,Yea
passage,115,hr,4061.0,Nay
passage-suspension,115,hr,4279.0,Yea
passage-suspension,115,hr,4744.0,Yea
passage-suspension,115,hr,4979.0,Yea
passage-suspension,115,hr,1911.0,Yea
passage-suspension,115,hr,2422.0,Yea
passage,115,hr,695.0,Nay
passage-suspension,115,hr,4689.0,Not Voting
passage,115,hr,6147.0,Nay
passage-suspension,115,hr,4335.0,Yea
passage,115,hr,3299.0,Nay
passage,115,hres,970.0,Nay
passage-suspension,115,hres,990.0,Nay
passage-suspension,115,hr,4567.0,Yea
passage-suspension,115,hr,4960.0,Yea
passage-suspension,115,hr,5247.0,Not Voting
passage-suspension,115,hr,1457.0,Yea
passage,115,hconres,119.0,Nay
passage,115,hres,1059.0,Nay
passage-suspension,115,hr,4910.0,Yea
passage,115,hr,3978.0,Nay
passage-suspension,115,hr,4533.0,Yea
passage,115,hr,5895.0,Yea
passage-suspension,115,hr,7328.0,Yea
passage-suspension,115,hr,7319.0,Yea
passage-suspension,115,s,3191.0,Yea
passage-suspension,115,s,3277.0,Nay
passage,115,hres,682.0,Nay
passage-suspension,115,s,3367.0,Yea
passage,115,hres,1181.0,Yea
passage,115,s,2155.0,Nay
passage,115,hr,6760.0,Nay
passage-suspension,115,hr,299.0,Yea
passage-suspension,115,hr,6207.0,Yea
passage-suspension,115,hr,7293.0,Yea
passage,115,hres,1180.0,Nay
passage,115,hr,88.0,Nay
passage-suspension,115,hr,4174.0,Not Voting
passage-suspension,115,s,756.0,Yea
passage-suspension,115,hconres,149.0,Yea
passage-suspension,115,hr,7329.0,Yea
passage,115,hres,1160.0,Nay
passage-suspension,115,hr,7187.0,Yea
passage,115,hr,6756.0,Nay
passage-suspension,115,hres,1099.0,Yea
passage,115,hr,3.0,Nay
passage,115,hr,6.0,Yea
passage-suspension,115,hr,6729.0,Nay
passage-suspension,115,hr,5841.0,Yea
passage-suspension,115,hr,6615.0,Yea
passage-suspension,115,hr,5041.0,Yea
passage-suspension,115,s,825.0,Yea
passage,115,hr,5735.0,Nay
passage-suspension,115,s,2278.0,Yea
passage,115,hres,1071.0,Nay
passage-suspension,115,hr,6369.0,Yea
passage,115,hr,5895.0,Nay
passage-suspension,115,hr,7227.0,Yea
passage-suspension,115,s,2896.0,Yea
passage-suspension,115,hconres,148.0,Not Voting
passage-suspension,115,hr,6418.0,Yea
passage-suspension,115,hr,2991.0,Yea
passage-suspension,115,s,1580.0,Not Voting
passage-suspension,115,hr,7388.0,Not Voting
passage-suspension,115,s,2322.0,Nay
passage-suspension,115,hr,5687.0,Yea
passage-suspension,115,hr,6368.0,Yea
passage-suspension,115,s,2076.0,Yea
passage-suspension,115,hr,5327.0,Yea
passage-suspension,115,hr,4294.0,Yea
passage-suspension,115,hr,1222.0,Yea
passage,115,hr,2083.0,Nay
passage-suspension,115,hr,767.0,Yea
passage-suspension,115,s,3456.0,Not Voting
passage-suspension,115,s,1862.0,Not Voting
passage-suspension,115,s,3444.0,Yea
passage-suspension,115,hr,5655.0,Yea
passage,115,hr,2.0,Nay
passage-suspension,115,s,2961.0,Yea
passage-suspension,115,s,2679.0,Yea
passage,115,hr,5192.0,Yea
passage,115,hr,5445.0,Yea
passage,115,hr,6199.0,Nay
passage-suspension,115,s,35.0,Yea
passage,115,hr,5515.0,Nay
passage,115,hr,1153.0,Nay
passage,115,hres,694.0,Nay
passage-suspension,115,hr,5749.0,Yea
passage,115,hr,1625.0,Nay
passage-suspension,115,hr,4851.0,Yea
passage-suspension,115,hr,5089.0,Yea
passage,115,hr,2152.0,Nay
passage-suspension,115,hr,613.0,Yea
passage,115,hr,5698.0,Nay
passage,115,hr,1635.0,Yea
passage-suspension,115,hr,4467.0,Yea
passage,115,hr,4263.0,Nay
passage,115,hr,4712.0,Nay
passage-suspension,115,hr,5131.0,Yea
passage-suspension,115,hr,5793.0,Yea
passage,115,hr,4566.0,Yea
passage,115,hr,6157.0,Nay
passage,116,hres,445.0,Yea
passage,116,hres,509.0,Yea
passage,116,hres,131.0,Yea
passage-suspension,116,hr,1759.0,Yea
passage-suspension,116,hr,676.0,Not Voting
passage,116,hres,564.0,Yea
passage-suspension,116,hr,539.0,Yea
passage-suspension,116,s,24.0,Yea
passage-suspension,116,hr,1590.0,Yea
passage,116,hres,28.0,Yea
passage,116,hr,2181.0,Yea
passage,116,hres,172.0,Yea
passage,116,hr,1815.0,Yea
passage,116,hres,656.0,Yea
passage,116,hr,3525.0,Yea
passage,116,hr,264.0,Yea
passage,116,hres,252.0,Yea
passage-suspension,116,hjres,30.0,Yea
passage-suspension,116,hr,276.0,Yea
passage,116,hres,519.0,Yea
passage-suspension,116,hr,328.0,Not Voting
passage,116,hr,2740.0,Yea
passage,116,hjres,31.0,Nay
passage,116,hr,4378.0,Yea
passage,116,hres,357.0,Yea
passage-suspension,116,hr,3722.0,Yea
passage-suspension,116,hr,226.0,Yea
passage-suspension,116,hres,183.0,Yea
passage,116,hr,266.0,Yea
passage,116,sjres,54.0,Yea
passage-suspension,116,hr,1593.0,Yea
passage,116,hres,296.0,Yea
passage,116,hr,21.0,Yea
passage-suspension,116,hr,3253.0,Yea
passage-suspension,116,hr,221.0,Yea
passage,116,hres,431.0,Yea
passage,116,hres,462.0,Yea
passage-suspension,116,hr,3702.0,Yea
passage-suspension,116,hr,1921.0,Yea
passage-suspension,116,hr,499.0,Yea
passage-suspension,116,hr,2609.0,Yea
passage,116,hres,466.0,Nay
passage-suspension,116,hr,3734.0,Yea
passage,116,sjres,36.0,Yea
passage-suspension,116,hr,2744.0,Yea
passage-suspension,116,s,151.0,Yea
passage,116,sjres,38.0,Yea
passage-suspension,116,hr,4183.0,Yea
passage,116,hr,2534.0,Yea
passage,116,hr,3.0,Yea
passage-suspension,116,hr,3537.0,Yea
passage,116,hres,430.0,Yea
passage,116,hres,497.0,Yea
passage,116,hres,765.0,Yea
passage,116,hres,739.0,Yea
passage-suspension,116,hr,1327.0,Yea
passage,116,sjres,37.0,Yea
passage,116,hr,312.0,Yea
passage-suspension,116,hres,393.0,Yea
passage,116,hr,1158.0,Nay
passage,116,hres,415.0,Yea
passage,116,hres,326.0,Yea
passage-suspension,116,hr,1892.0,Yea
passage-suspension,116,hr,4761.0,Yea
passage,116,hr,1994.0,Yea
passage-suspension,116,hr,748.0,Yea
passage-suspension,116,hr,2409.0,Yea
passage-suspension,116,hr,5084.0,Yea
passage,116,hr,3494.0,Yea
passage-suspension,116,hr,375.0,Yea
passage,116,hres,772.0,Yea
passage,116,hres,377.0,Yea
passage-suspension,116,s,2710.0,Yea
passage,116,hres,460.0,Yea
passage,116,hr,3055.0,Yea
passage-suspension,116,hr,3050.0,Yea
passage,116,hres,208.0,Yea
passage-suspension,116,hr,135.0,Yea
passage-suspension,116,hr,1654.0,Yea
passage-suspension,116,hr,2426.0,Yea
passage-suspension,116,hr,2440.0,Yea
passage,116,hres,105.0,Yea
passage,116,hres,271.0,Yea
passage-suspension,116,hr,428.0,Yea
passage,116,hjres,31.0,Yea
passage,116,hres,274.0,Yea
passage,116,hr,1941.0,Yea
passage-suspension,116,hr,769.0,Yea
passage-suspension,116,hr,66.0,Yea
passage,116,hres,144.0,Yea
passage-suspension,116,hr,1876.0,Yea
passage,116,hjres,46.0,Yea
passage,116,hr,2513.0,Yea
passage,116,hres,576.0,Yea
passage-suspension,116,hr,4407.0,Yea
passage-suspension,116,hr,777.0,Yea
passage,116,hr,2203.0,Yea
passage-suspension,116,hr,596.0,Yea
passage-suspension,116,hres,41.0,Yea
passage,116,hres,43.0,Yea
passage,116,hconres,24.0,Yea
passage-suspension,116,hr,3190.0,Yea
passage-suspension,116,hres,273.0,Yea
passage,116,hres,87.0,Yea
passage-suspension,116,hres,328.0,Yea
passage-suspension,116,s,47.0,Yea
passage-suspension,116,hr,1420.0,Yea
passage-suspension,116,hr,831.0,Yea
passage-suspension,116,hr,449.0,Yea
passage,116,hr,1112.0,Yea
passage,116,hr,3624.0,Yea
passage-suspension,116,hr,269.0,Yea
passage-suspension,116,hr,251.0,Yea
passage-suspension,116,hjres,77.0,Yea
passage-suspension,116,hr,1381.0,Yea
passage-suspension,116,hr,4406.0,Yea
passage-suspension,116,hr,2385.0,Yea
passage,116,hres,124.0,Yea
passage,116,hr,265.0,Yea
passage,116,hres,294.0,Yea
passage-suspension,116,hr,507.0,Yea
passage-suspension,116,hr,1065.0,Yea
passage-suspension,116,hr,3375.0,Yea
passage,116,hr,648.0,Not Voting
passage,116,hres,52.0,Yea
passage,116,hres,558.0,Yea
passage-suspension,116,hconres,19.0,Yea
passage,116,hr,5430.0,Nay
passage,116,hres,61.0,Not Voting
passage-suspension,116,hr,91.0,Yea
passage,116,hres,591.0,Yea
passage,116,hr,7.0,Yea
passage-suspension,116,hr,95.0,Yea
passage,116,hr,267.0,Yea
passage-suspension,116,s,49.0,Yea
passage,116,hres,629.0,Yea
passage-suspension,116,hr,4695.0,Yea
passage,116,hjres,28.0,Not Voting
passage,116,hres,122.0,Yea
passage-suspension,116,hr,4285.0,Yea
passage-suspension,116,hr,829.0,Yea
passage-suspension,116,hr,150.0,Yea
passage,116,hjres,37.0,Yea
passage,116,hr,1644.0,Yea
passage-suspension,116,hr,1079.0,Yea
passage-suspension,116,hr,1331.0,Yea
passage-suspension,116,hr,450.0,Yea
passage,116,hres,5.0,Yea
passage-suspension,116,s,178.0,Yea
passage-suspension,116,hres,432.0,Yea
passage-suspension,116,hr,2548.0,Yea
passage-suspension,116,hr,1952.0,Yea
passage,116,hres,492.0,Yea
passage-suspension,116,hres,546.0,Yea
passage,116,s,1790.0,Nay
passage-suspension,116,hr,3530.0,Yea
passage,116,hr,3401.0,Yea
passage-suspension,116,hr,4634.0,Yea
passage-suspension,116,hr,542.0,Yea
passage-suspension,116,hr,4162.0,Yea
passage-suspension,116,hr,722.0,Yea
passage,116,hres,491.0,Yea
passage-suspension,116,hres,106.0,Yea
passage,116,hr,1865.0,Yea
passage,116,hres,389.0,Yea
passage-suspension,116,hr,2037.0,Yea
passage-suspension,116,hr,3224.0,Yea
passage,116,hr,3351.0,Yea
passage,116,hres,695.0,Yea
passage,116,hres,708.0,Yea
passage-suspension,116,hr,2590.0,Yea
passage-suspension,116,hr,4344.0,Yea
passage-suspension,116,hr,2539.0,Yea
passage,116,hr,3055.0,Yea
passage-suspension,116,hr,1044.0,Yea
passage-suspension,116,hr,737.0,Yea
passage,116,hres,713.0,Yea
passage,116,hr,729.0,Yea
passage-suspension,116,hr,299.0,Yea
passage,116,hres,748.0,Yea
passage-suspension,116,hr,2379.0,Yea
passage-suspension,116,hr,3304.0,Yea
passage-suspension,116,hr,4739.0,Yea
passage-suspension,116,hr,2157.0,Yea
passage,116,hres,758.0,Yea
passage-suspension,116,hres,246.0,Yea
passage,116,hres,741.0,Yea
passage-suspension,116,s,1838.0,Yea
passage-suspension,116,hr,2515.0,Yea
passage,116,hres,660.0,Yea
passage-suspension,116,hr,2940.0,Yea
passage-suspension,116,hr,549.0,Yea
passage,116,hr,2157.0,Yea
passage-suspension,116,hr,5363.0,Yea
passage-suspension,116,hr,2852.0,Yea
passage,116,hr,8.0,Yea
passage-suspension,116,hr,624.0,Yea
passage-suspension,116,hr,540.0,Yea
passage,116,hr,205.0,Yea
passage,116,hres,281.0,Yea
passage,116,hres,329.0,Yea
passage-suspension,116,hr,1503.0,Yea
passage-suspension,116,hr,693.0,Yea
passage-suspension,116,hr,116.0,Yea
passage-suspension,116,hr,1595.0,Yea
passage-suspension,116,hr,758.0,Yea
veto-override,116,hjres,46.0,Yea
passage,116,hres,577.0,Yea
passage,116,hr,1.0,Yea
passage,116,hres,655.0,Yea
passage-suspension,116,hr,2115.0,Yea
passage,116,hres,646.0,Yea
passage,116,hr,268.0,Yea
passage-suspension,116,hr,297.0,Yea
passage,116,hr,3877.0,Yea
passage,116,hres,145.0,Yea
passage-suspension,116,hres,79.0,Yea
passage-suspension,116,hr,1704.0,Yea
passage-suspension,116,hr,1768.0,Yea
passage,116,hres,548.0,Yea
passage-suspension,116,hr,502.0,Yea
passage-suspension,116,hr,1388.0,Yea
passage,116,hres,650.0,Yea
passage-suspension,116,hr,190.0,Yea
passage-suspension,116,hr,1616.0,Not Voting
passage-suspension,116,hr,1122.0,Yea
passage-suspension,116,hres,156.0,Yea
passage-suspension,116,hjres,27.0,Yea
passage,116,hres,866.0,Yea
passage-suspension,116,hres,387.0,Yea
passage-suspension,116,hr,6074.0,Yea
passage-suspension,116,hr,4852.0,Yea
passage-suspension,116,hr,6210.0,Yea
passage,116,hr,2486.0,Yea
passage,116,hr,2486.0,Yea
passage-suspension,116,hr,8337.0,Yea
passage,116,hr,2.0,Yea
passage,116,hres,790.0,Not Voting
passage,116,hres,965.0,Yea
passage,116,hr,6800.0,Yea
passage,116,hres,811.0,Yea
passage,116,hres,1028.0,Yea
passage,116,hr,6395.0,Not Voting
passage,116,hr,1957.0,Yea
passage-suspension,116,hr,2490.0,Yea
passage-suspension,116,hr,5664.0,Yea
passage-suspension,116,hr,5932.0,Yea
passage-suspension,116,hr,7909.0,Yea
passage,116,hres,798.0,Yea
passage-suspension,116,hr,4331.0,Yea
passage,116,hres,967.0,Yea
passage-suspension,116,s,979.0,Yea
passage-suspension,116,hr,5758.0,Yea
passage-suspension,116,hjres,110.0,Yea
passage,116,hres,1224.0,Yea
passage,116,hres,1271.0,Yea
passage-suspension,116,hr,8900.0,Yea
passage-suspension,116,hjres,107.0,Yea
passage,116,hres,1161.0,Yea
passage,116,hr,925.0,Yea
passage-suspension,116,hr,2881.0,Yea
passage,116,hres,779.0,Yea
passage,116,hr,6395.0,Nay
passage,116,hres,1129.0,Yea
passage-suspension,116,hres,512.0,Yea
passage,116,hres,1244.0,Yea
veto-override,116,hr,6395.0,Yea
passage-suspension,116,s,461.0,Yea
passage-suspension,116,hres,1155.0,Yea
passage-suspension,116,hr,451.0,Yea
passage,116,hr,4447.0,Nay
passage-suspension,116,hr,8354.0,Yea
passage-suspension,116,hr,9051.0,Yea
passage,116,hr,1425.0,Yea
passage,116,hr,550.0,Yea
passage,116,hr,550.0,Yea
passage,116,hres,981.0,Yea
passage,116,hr,2546.0,Yea
passage-suspension,116,hr,3413.0,Yea
passage,116,hres,826.0,Yea
passage,116,hres,844.0,Yea
passage-suspension,116,hr,4894.0,Yea
passage-suspension,116,hres,756.0,Yea
passage-suspension,116,s,2193.0,Yea
passage-suspension,116,hr,6782.0,Yea
passage-suspension,116,hr,7010.0,Yea
passage,116,hr,51.0,Yea
passage-suspension,116,s,3201.0,Nay
passage-suspension,116,hr,4044.0,Yea
passage,116,hr,7027.0,Yea
passage-suspension,116,hr,1980.0,Not Voting
passage-suspension,116,hr,1771.0,Yea
passage,116,hr,8015.0,Yea
passage,116,hres,1053.0,Yea
passage,116,hr,7617.0,Yea
passage,116,hres,938.0,Yea
passage,116,hr,535.0,Yea
passage-suspension,116,hr,4335.0,Yea
passage-suspension,116,hr,266.0,Yea
passage,116,hjres,76.0,Yea
passage-suspension,116,s,1678.0,Yea
passage-suspension,116,hr,35.0,Yea
passage,116,hr,2694.0,Yea
passage-suspension,116,hr,2819.0,Yea
passage,116,hr,2574.0,Yea
passage-suspension,116,hr,4508.0,Yea
passage,116,hr,7608.0,Yea
passage,116,hres,833.0,Yea
passage,116,hr,2339.0,Yea
passage-suspension,116,hr,4704.0,Not Voting
passage-suspension,116,hr,943.0,Not Voting
passage-suspension,116,hr,2398.0,Yea
passage-suspension,116,hr,6201.0,Yea
passage-suspension,116,hr,7573.0,Yea
passage-suspension,116,hr,5003.0,Yea
passage,116,hres,1067.0,Yea
passage-suspension,116,s,2163.0,Yea
passage,116,hres,908.0,Yea
passage,116,hres,1060.0,Yea
passage,116,hjres,79.0,Yea
passage,116,hres,877.0,Yea
passage-suspension,116,s,3147.0,Yea
passage,116,hres,781.0,Yea
passage,116,hres,1154.0,Yea
passage,116,hr,8294.0,Yea
passage-suspension,116,hr,5078.0,Yea
passage-suspension,116,hr,4764.0,Yea
passage,116,hres,1164.0,Yea
passage-suspension,116,s,906.0,Yea
passage-suspension,116,hr,3250.0,Yea
passage-suspension,116,hr,7995.0,Yea
passage,116,hres,1153.0,Yea
passage,116,hr,6270.0,Yea
passage-suspension,116,s,327.0,Yea
passage-suspension,116,hr,4611.0,Yea
passage,116,hconres,83.0,Yea
passage-suspension,116,s,2216.0,Yea
passage-suspension,116,hr,5040.0,Yea
passage,116,hr,133.0,Nay
passage-suspension,116,hr,1380.0,Yea
passage,116,hr,3884.0,Yea
passage,116,hr,133.0,Yea
passage-suspension,116,s,2981.0,Yea
passage,116,hr,2639.0,Yea
passage-suspension,116,hr,2932.0,Yea
passage-suspension,116,s,760.0,Yea
passage,116,hres,1092.0,Yea
passage,116,hr,1140.0,Yea
veto-override,116,hjres,76.0,Yea
passage-suspension,116,hr,2382.0,Yea
passage,116,hjres,90.0,Yea
passage-suspension,116,hres,410.0,Yea
passage,116,hres,1107.0,Yea
passage,116,hr,7327.0,Yea
passage,116,hres,891.0,Yea
passage,116,hr,5687.0,Yea
passage,116,hr,6172.0,Nay
passage,116,hres,1017.0,Yea
passage,116,hr,7301.0,Yea
passage-suspension,116,s,3744.0,Yea
passage-suspension,116,hr,4031.0,Yea
passage,116,hr,5332.0,Yea
passage,116,hr,7120.0,Yea
passage,116,hr,3621.0,Yea
passage-suspension,117,hr,3197.0,Yea
passage-suspension,117,hr,203.0,Yea
passage,117,hr,963.0,Yea
passage-suspension,117,hr,700.0,Yea
passage,117,hres,1508.0,Yea
passage-suspension,117,hr,2954.0,Yea
passage-suspension,117,hr,6899.0,Yea
passage,117,hr,7900.0,Not Voting
passage-suspension,117,hr,5001.0,Yea
passage-suspension,117,hr,6871.0,Yea
passage,117,hr,9640.0,Yea
passage-suspension,117,hr,1437.0,Yea
passage,117,hres,1232.0,Yea
passage,117,hr,1948.0,Yea
passage-suspension,117,hr,3539.0,Yea
passage-suspension,117,hr,8454.0,Yea
passage,117,hres,1256.0,Yea
passage,117,hr,3485.0,Yea
passage-suspension,117,s,3168.0,Yea
passage-suspension,117,hr,7077.0,Yea
passage-suspension,117,s,3527.0,Yea
passage-suspension,117,hr,3359.0,Yea
passage-suspension,117,s,3499.0,Yea
passage-suspension,117,s,812.0,Yea
passage,117,hres,900.0,Yea
passage,117,hr,3617.0,Yea
passage-suspension,117,s,2959.0,Yea
passage-suspension,117,hr,1916.0,Yea
passage,117,hres,1224.0,Yea
passage-suspension,117,hr,6089.0,Yea
passage-suspension,117,hr,923.0,Yea
passage-suspension,117,hr,1917.0,Yea
passage-suspension,117,s,66.0,Yea
passage,117,hr,8296.0,Yea
passage-suspension,117,hr,4738.0,Yea
passage-suspension,117,s,2796.0,Yea
passage-suspension,117,s,1760.0,Yea
passage-suspension,117,hr,7734.0,Yea
passage-suspension,117,hr,2842.0,Yea
passage-suspension,117,s,1872.0,Yea
passage,117,hres,1529.0,Yea
passage-suspension,117,hr,5659.0,Yea
passage-suspension,117,hr,6868.0,Yea
passage-suspension,117,s,3875.0,Yea
passage-suspension,117,hr,1934.0,Not Voting
passage-suspension,117,s,2629.0,Yea
passage-suspension,117,hr,6531.0,Yea
passage-suspension,117,s,3308.0,Yea
passage-suspension,117,hr,224.0,Yea
passage-suspension,117,hr,7337.0,Yea
passage,117,hr,8876.0,Yea
passage,117,hres,979.0,Yea
passage-suspension,117,hr,5271.0,Yea
passage-suspension,117,hr,6930.0,Yea
passage-suspension,117,hr,5657.0,Yea
passage-suspension,117,hr,4693.0,Yea
passage-suspension,117,hr,7174.0,Yea
passage-suspension,117,s,452.0,Yea
passage-suspension,117,hr,7352.0,Yea
passage,117,hr,1808.0,Yea
passage-suspension,117,s,3451.0,Nay
passage-suspension,117,hr,5774.0,Yea
passage,117,hr,7606.0,Yea
passage-suspension,117,s,4785.0,Not Voting
passage-suspension,117,hr,5879.0,Yea
passage-suspension,117,,,Yea
passage,117,hres,1316.0,Yea
passage-suspension,117,s,4003.0,Yea
passage-suspension,117,hr,8463.0,Yea
passage-suspension,117,hr,2724.0,Yea
passage-suspension,117,hr,6943.0,Yea
passage,117,hres,1404.0,Yea
passage-suspension,117,,,Yea
passage-suspension,117,hr,5455.0,Yea
passage-suspension,117,,,Yea
passage-suspension,117,hr,7335.0,Yea
passage,117,s,2938.0,Yea
passage-suspension,117,s,2490.0,Yea
passage-suspension,117,hr,884.0,Yea
passage,117,hr,5376.0,Yea
passage-suspension,117,hr,7622.0,Yea
passage-suspension,117,hr,7283.0,Yea
passage-suspension,117,s,2293.0,Yea
passage-suspension,117,hr,7334.0,Yea
passage-suspension,117,hr,7777.0,Yea
passage-suspension,117,hres,1125.0,Yea
passage,117,hres,1499.0,Yea
passage,117,hres,1361.0,Yea
passage-suspension,117,hr,5738.0,Yea
passage,117,s,4524.0,Yea
passage-suspension,117,hr,2992.0,Yea
passage-suspension,117,,,Yea
passage,117,hres,860.0,Yea
passage-suspension,117,s,4089.0,Yea
passage-suspension,117,s,3846.0,Yea
passage-suspension,117,hr,7153.0,Yea
passage,117,hr,6448.0,Not Voting
passage,117,hres,1396.0,Yea
passage-suspension,117,s,2514.0,Yea
passage-suspension,117,hr,8888.0,Yea
passage-suspension,117,hr,4785.0,Yea
passage,117,hres,1153.0,Yea
passage,117,hr,3843.0,Yea
passage,117,hres,1124.0,Yea
passage-suspension,117,hr,7321.0,Yea
passage,117,hr,6878.0,Yea
passage-suspension,117,hr,5407.0,Yea
passage,117,hr,4176.0,Yea
passage-suspension,117,hr,7667.0,Yea
passage,117,hres,1204.0,Yea
passage-suspension,117,hr,7776.0,Yea
passage,117,hr,3372.0,Yea
passage-suspension,117,hr,6965.0,Yea
passage,117,hr,7780.0,Yea
passage-suspension,117,s,4900.0,Yea
passage-suspension,117,,,Yea
passage-suspension,117,hr,3482.0,Yea
passage-suspension,117,hr,7500.0,Yea
passage-suspension,117,s,3662.0,Yea
passage-suspension,117,hr,6376.0,Yea
passage,117,hres,1377.0,Yea
passage,117,s,2938.0,Yea
passage-suspension,117,hr,7694.0,Yea
passage,117,hr,4346.0,Yea
passage,117,hres,1289.0,Yea
passage,117,hr,2377.0,Yea
passage,117,hr,8326.0,Yea
passage-suspension,117,s,2089.0,Yea
passage,117,hr,302.0,Yea
passage-suspension,117,hr,7108.0,Yea
passage,117,s,1942.0,Yea
passage-suspension,117,s,583.0,Yea
passage,117,hr,4445.0,Yea
passage,117,hres,1531.0,Yea
passage,117,hr,3807.0,Yea
passage-suspension,117,hres,831.0,Yea
passage-suspension,117,hr,4476.0,Yea
passage,117,hr,2617.0,Yea
passage-suspension,117,,,Yea
passage-suspension,117,,,Yea
passage-suspension,117,hres,956.0,Yea
passage,117,hres,1254.0,Yea
passage,117,s,3522.0,Yea
passage,117,hr,8404.0,Yea
passage,117,s,4003.0,Yea
passage-suspension,117,hr,5616.0,Yea
passage-suspension,117,hr,6824.0,Yea
passage,117,hr,8404.0,Yea
passage-suspension,117,hr,3508.0,Yea
passage-suspension,117,hr,5343.0,Yea
passage-suspension,117,hr,7289.0,Yea
passage-suspension,117,hr,5547.0,Yea
passage-suspension,117,hr,6825.0,Yea
passage-suspension,117,hr,5681.0,Yea
passage-suspension,117,hr,5689.0,Yea
passage-suspension,117,hr,5641.0,Yea
passage-suspension,117,hr,7939.0,Yea
passage-suspension,117,hr,6968.0,Yea
passage-suspension,117,s,3773.0,Yea
passage-suspension,117,hr,6552.0,Yea
passage-suspension,117,hr,5658.0,Yea
passage-suspension,117,hconres,70.0,Yea
passage-suspension,117,s,2938.0,Yea
passage,117,hr,2499.0,Yea
passage-suspension,117,s,658.0,Yea
passage,117,hres,1510.0,Yea
passage-suspension,117,hr,209.0,Yea
passage-suspension,117,hr,5673.0,Yea
passage,117,hr,5129.0,Yea
passage,117,hr,2471.0,Yea
passage,117,hres,1065.0,Yea
passage,117,s,3905.0,Yea
passage,117,hres,950.0,Yea
passage,117,hr,3967.0,Yea
passage,117,hr,1437.0,Yea
passage-suspension,117,s,144.0,Yea
passage,117,s,3373.0,Yea
passage,117,hr,4673.0,Yea
passage-suspension,117,hres,1168.0,Yea
passage-suspension,117,hres,833.0,Yea
passage-suspension,117,hr,4133.0,Yea
passage,117,hr,6538.0,Yea
passage-suspension,117,s,4052.0,Yea
passage-suspension,117,hres,720.0,Yea
passage-suspension,117,hr,6865.0,Yea
passage-suspension,117,hr,6891.0,Yea
passage-suspension,117,hr,3113.0,Yea
passage-suspension,117,hr,6873.0,Yea
passage-suspension,117,hr,4380.0,Yea
passage,117,hr,2116.0,Yea
passage-suspension,117,hr,5900.0,Yea
passage-suspension,117,hconres,45.0,Yea
passage-suspension,117,hr,7066.0,Yea
passage-suspension,117,hr,2324.0,Yea
passage,117,hr,6929.0,Yea
passage-suspension,117,s,4926.0,Yea
passage-suspension,117,hr,847.0,Yea
passage,117,hr,8297.0,Yea
passage-suspension,117,hr,5914.0,Yea
passage-suspension,117,s,5168.0,Yea
passage-suspension,117,hr,7180.0,Yea
passage-suspension,117,hr,55.0,Yea
passage-suspension,117,hr,7108.0,Yea
passage-suspension,117,hr,5274.0,Yea
passage-suspension,117,hr,7311.0,Yea
passage-suspension,117,hr,3344.0,Yea
passage-suspension,117,hr,521.0,Yea
passage-suspension,117,hr,5577.0,Yea
passage,117,hr,6833.0,Yea
passage-suspension,117,s,321.0,Yea
passage-suspension,117,hr,3588.0,Yea
passage-suspension,117,hr,5911.0,Yea
passage-suspension,117,hres,1130.0,Yea
passage-suspension,117,s,2333.0,Yea
passage-suspension,117,s,2834.0,Yea
passage-suspension,117,hr,8351.0,Yea
passage-suspension,117,hr,5324.0,Yea
passage-suspension,117,hr,735.0,Yea
passage-suspension,117,hres,892.0,Yea
passage-suspension,117,hr,1621.0,Yea
passage-suspension,117,hr,6386.0,Yea
passage,117,hr,7946.0,Yea
passage-suspension,117,hr,6434.0,Yea
passage,117,hr,7309.0,Yea
passage-suspension,117,hr,935.0,Yea
passage-suspension,117,hr,2116.0,Yea
passage,117,hr,6968.0,Yea
passage-suspension,117,s,2520.0,Yea
passage-suspension,117,,,Yea
passage-suspension,117,s,3294.0,Yea
passage-suspension,117,hr,7081.0,Yea
passage-suspension,117,hconres,59.0,Not Voting
passage,117,hr,8873.0,Yea
passage,117,hr,7790.0,Yea
passage,117,hr,1836.0,Yea
passage,117,hr,6833.0,Yea
passage-suspension,117,s,3369.0,Yea
passage-suspension,117,hr,7791.0,Yea
passage-suspension,117,hr,3630.0,Yea
passage-suspension,117,hr,8446.0,Yea
passage-suspension,117,s,2533.0,Yea
passage,117,hres,868.0,Yea
passage-suspension,117,hr,5441.0,Yea
passage,117,hr,6531.0,Yea
passage-suspension,117,hr,1456.0,Yea
passage-suspension,117,hr,6961.0,Yea
passage,117,hr,5118.0,Yea
passage-suspension,117,hr,6538.0,Yea
passage,117,hr,7910.0,Yea
passage,117,hres,1339.0,Yea
passage-suspension,117,hr,5315.0,Yea
passage,117,hres,1191.0,Yea
passage-suspension,117,s,2102.0,Yea
passage-suspension,117,hr,6064.0,Yea
passage,117,hres,1464.0,Yea
passage,117,hr,5746.0,Yea
passage,117,hres,1372.0,Yea
passage-suspension,117,s,2794.0,Yea
passage-suspension,117,hr,6052.0,Yea
passage-suspension,117,hr,2250.0,Yea
passage,117,s,1098.0,Yea
passage-suspension,117,s,4359.0,Yea
passage,117,hr,350.0,Yea
passage,117,hr,8987.0,Yea
passage,117,hr,2543.0,Yea
passage-suspension,117,hr,1066.0,Yea
passage,117,hr,7666.0,Yea
passage,117,hr,263.0,Yea
passage,117,hr,5585.0,Yea
passage,117,hres,1302.0,Yea
passage-suspension,117,s,4160.0,Nay
passage,117,hr,2988.0,Yea
passage-suspension,117,s,442.0,Yea
passage-suspension,117,hr,6493.0,Yea
passage-suspension,117,s,3157.0,Yea
passage-suspension,117,hr,7664.0,Yea
passage,117,hres,1300.0,Yea
passage-suspension,117,s,516.0,Yea
passage-suspension,117,,,Yea
passage-suspension,117,hr,6270.0,Yea
passage-suspension,117,hr,6604.0,Yea
passage-suspension,117,s,2687.0,Yea
passage,117,hr,8542.0,Yea
passage-suspension,117,s,3115.0,Yea
passage-suspension,117,s,2551.0,Yea
passage,117,hr,7688.0,Yea
passage,117,hjres,100.0,Yea
passage-suspension,117,hr,2521.0,Yea
passage-suspension,117,s,3470.0,Yea
passage-suspension,117,hr,7211.0,Yea
passage-suspension,117,s,3580.0,Yea
passage-suspension,117,s,3895.0,Yea
passage-suspension,117,hr,7670.0,Yea
passage-suspension,117,hr,2020.0,Yea
passage,117,hr,2773.0,Yea
passage,117,hres,1170.0,Yea
passage-suspension,117,s,3823.0,Yea
passage-suspension,117,hr,8466.0,Yea
passage-suspension,117,,,Yea
passage,117,hconres,119.0,Yea
passage-suspension,117,s,958.0,Yea
passage-suspension,117,hr,6087.0,Yea
passage-suspension,117,hr,7375.0,Yea
passage,117,hr,4118.0,Yea
passage-suspension,117,s,231.0,Yea
passage,117,hr,5768.0,Yea
passage-suspension,117,hr,5754.0,Yea
passage-suspension,117,hr,7535.0,Yea
passage,117,hres,1017.0,Yea
passage-suspension,117,s,5230.0,Yea
passage,117,hres,1518.0,Yea
passage,117,hr,7691.0,Yea
passage-suspension,117,hr,7025.0,Yea
passage,117,hr,8294.0,Yea
passage-suspension,117,hr,91.0,Yea
passage-suspension,117,s,2126.0,Yea
passage-suspension,117,s,1617.0,Yea
passage,117,hres,1119.0,Yea
passage,117,hres,973.0,Yea
passage-suspension,117,s,4834.0,Yea
passage-suspension,117,hr,92.0,Yea
passage-suspension,117,hr,5706.0,Yea
passage-suspension,117,s,989.0,Yea
passage,117,hres,1033.0,Yea
passage-suspension,117,hr,7314.0,Yea
passage-suspension,117,s,5087.0,Yea
passage-suspension,117,s,566.0,Yea
passage,117,hres,1037.0,Yea
passage-suspension,117,hr,2501.0,Yea
passage,117,hr,6617.0,Yea
passage-suspension,117,hr,496.0,Yea
passage-suspension,117,hr,7693.0,Yea
passage-suspension,117,hr,207.0,Yea
passage-suspension,117,s,400.0,Yea
passage,117,hr,2471.0,Yea
passage,117,hr,8393.0,Yea
passage,117,hr,903.0,Yea
passage-suspension,117,s,1226.0,Yea
passage-suspension,117,hres,1512.0,Nay
passage-suspension,117,hr,4404.0,Yea
passage,117,hres,1097.0,Yea
passage-suspension,117,s,1466.0,Yea
passage,117,hres,1519.0,Yea
passage,117,hr,8373.0,Yea
passage,117,hres,1023.0,Yea
passage-suspension,117,hr,7372.0,Yea
passage,117,hr,3076.0,Yea
passage-suspension,117,hr,1218.0,Yea
passage,117,hres,912.0,Yea
passage-suspension,117,s,497.0,Yea
passage-suspension,117,s,4104.0,Yea
passage-suspension,117,s,1402.0,Yea
passage-suspension,117,hr,7276.0,Yea
passage,117,hr,4521.0,Yea
passage,117,hr,8.0,Yea
passage-suspension,117,,,Yea
passage-suspension,117,hr,485.0,Yea
passage,117,hr,1620.0,Yea
passage-suspension,117,hr,1443.0,Yea
passage-suspension,117,hr,3462.0,Yea
passage,117,hr,1319.0,Yea
passage,117,hr,3005.0,Yea
passage,117,hr,3233.0,Yea
passage-suspension,117,hr,4660.0,Yea
passage-suspension,117,hr,5720.0,Yea
passage-suspension,117,hr,1917.0,Yea
passage-suspension,117,hr,3193.0,Yea
passage-suspension,117,hr,1651.0,Yea
passage-suspension,117,hr,4111.0,Yea
passage-suspension,117,s,578.0,Yea
passage-suspension,117,hr,941.0,Yea
passage-suspension,117,hr,2617.0,Yea
passage,117,hres,380.0,Yea
passage,117,hconres,11.0,Yea
passage-suspension,117,hr,1154.0,Yea
passage,117,hres,409.0,Yea
passage-suspension,117,hr,1339.0,Yea
passage-suspension,117,hr,1652.0,Yea
passage-suspension,117,hr,4352.0,Yea
passage,117,hr,803.0,Yea
passage,117,hr,3992.0,Yea
passage,117,hres,503.0,Yea
passage-suspension,117,hr,4481.0,Yea
passage-suspension,117,hr,1085.0,Yea
passage,117,hres,479.0,Yea
passage-suspension,117,hr,1799.0,Yea
passage,117,hres,504.0,Yea
passage,117,hr,3684.0,Yea
passage-suspension,117,s,848.0,Yea
passage-suspension,117,hr,1392.0,Yea
passage,117,hres,85.0,Yea
passage,117,hr,335.0,Yea
passage,117,hr,7.0,Yea
passage,117,hres,101.0,Yea
passage-suspension,117,,,Yea
passage-suspension,117,s,164.0,Yea
passage-suspension,117,hr,2989.0,Yea
passage,117,hres,41.0,Yea
passage-suspension,117,hr,4489.0,Yea
passage-suspension,117,hr,5561.0,Yea
passage-suspension,117,hr,3531.0,Yea
passage-suspension,117,hr,5119.0,Yea
passage-suspension,117,hr,897.0,Yea
passage-suspension,117,hr,1667.0,Yea
passage-suspension,117,s,957.0,Yea
passage,117,hres,555.0,Yea
passage-suspension,117,,,Yea
passage,117,hres,849.0,Yea
passage-suspension,117,hr,2074.0,Yea
passage-suspension,117,hr,5551.0,Yea
passage-suspension,117,hr,4555.0,Yea
passage-suspension,117,hr,5487.0,Yea
passage-suspension,117,hr,4706.0,Yea
passage,117,hr,4502.0,Yea
passage-suspension,117,hr,5608.0,Yea
passage,117,hres,848.0,Yea
passage,117,hr,2668.0,Yea
passage,117,hres,1.0,Not Voting
passage-suspension,117,s,1910.0,Yea
passage,117,hres,508.0,Yea
passage-suspension,117,hr,826.0,Yea
passage-suspension,117,hr,5705.0,Yea
passage-suspension,117,s,1828.0,Yea
passage-suspension,117,s,189.0,Yea
passage-suspension,117,hr,5961.0,Yea
passage-suspension,117,hr,4300.0,Yea
passage-suspension,117,hr,4981.0,Yea
passage-suspension,117,hr,2497.0,Yea
passage,117,s,1605.0,Nay
passage,117,hr,3684.0,Yea
passage,117,hr,4346.0,Yea
passage-suspension,117,hr,4250.0,Yea
passage,117,s,610.0,Yea
passage,117,hres,838.0,Yea
passage-suspension,117,s,325.0,Yea
passage-suspension,117,hr,5982.0,Yea
passage-suspension,117,hr,1693.0,Yea
passage-suspension,117,hr,5695.0,Yea
passage,117,hres,667.0,Yea
passage,117,hres,330.0,Yea
passage-suspension,117,hr,1029.0,Yea
passage,117,hres,730.0,Yea
passage,117,hr,5305.0,Yea
passage-suspension,117,hr,1487.0,Yea
passage-suspension,117,hr,4369.0,Yea
passage-suspension,117,hr,1002.0,Yea
passage-suspension,117,hr,2379.0,Yea
passage-suspension,117,s,796.0,Yea
passage-suspension,117,hr,3730.0,Yea
passage,117,hres,179.0,Yea
passage-suspension,117,hr,4026.0,Yea
passage,117,hr,2547.0,Yea
passage-suspension,117,s,1095.0,Yea
passage-suspension,117,,,Yea
passage,117,sjres,13.0,Yea
passage-suspension,117,,,Yea
passage,117,hr,1603.0,Yea
passage-suspension,117,s,108.0,Yea
passage-suspension,117,hr,2685.0,Yea
passage-suspension,117,hr,1975.0,Yea
passage,117,s,475.0,Yea
passage,117,hr,239.0,Yea
passage,117,hr,1280.0,Yea
passage-suspension,117,hr,654.0,Yea
passage-suspension,117,hr,1899.0,Yea
passage-suspension,117,hr,1502.0,Yea
passage-suspension,117,hr,4028.0,Yea
passage-suspension,117,hr,4611.0,Not Voting
passage,117,s,1301.0,Yea
passage-suspension,117,hr,208.0,Yea
passage,117,hres,147.0,Yea
passage-suspension,117,hr,4089.0,Yea
passage-suspension,117,,,Yea
passage,117,hres,727.0,Yea
passage-suspension,117,hr,550.0,Yea
passage,117,sjres,14.0,Yea
passage-suspension,117,hr,5221.0,Yea
passage,117,hres,275.0,Yea
passage-suspension,117,hr,3616.0,Yea
passage,117,hres,486.0,Yea
passage,117,hr,1443.0,Yea
passage,117,hres,198.0,Yea
passage,117,hres,774.0,Yea
passage-suspension,117,hr,5574.0,Yea
passage,117,hres,403.0,Yea
passage-suspension,117,hr,4233.0,Yea
passage,117,hres,303.0,Yea
passage,117,hr,3110.0,Yea
passage,117,hres,38.0,Yea
passage,117,hres,21.0,Yea
passage,117,hr,2119.0,Yea
passage-suspension,117,hr,1215.0,Yea
passage-suspension,117,hr,1228.0,Yea
passage,117,hr,51.0,Yea
passage-suspension,117,s,1511.0,Yea
passage-suspension,117,hr,3599.0,Yea
passage,117,hres,72.0,Yea
passage-suspension,117,hr,4515.0,Yea
passage-suspension,117,hr,3325.0,Yea
passage,117,hr,2662.0,Yea
passage-suspension,117,hr,567.0,Yea
passage,117,hjres,17.0,Yea
passage-suspension,117,s,1064.0,Yea
passage,117,hr,1319.0,Yea
passage-suspension,117,,,Yea
passage,117,hres,829.0,Yea
passage,117,hr,1629.0,Yea
passage-suspension,117,hr,3709.0,Yea
passage-suspension,117,hr,4679.0,Yea
passage-suspension,117,hr,4055.0,Yea
passage,117,hres,166.0,Yea
passage-suspension,117,hr,5763.0,Yea
passage,117,hres,688.0,Yea
passage-suspension,117,hr,1629.0,Yea
passage-suspension,117,hr,4686.0,Yea
passage,117,hres,91.0,Yea
passage-suspension,117,hr,1204.0,Yea
passage-suspension,117,hr,1460.0,Yea
passage-suspension,117,s,1502.0,Yea
passage-suspension,117,hr,4045.0,Yea
passage,117,hr,3237.0,Yea
passage-suspension,117,hr,390.0,Yea
passage,117,hres,233.0,Yea
passage,117,hr,1187.0,Yea
passage-suspension,117,hr,2220.0,Yea
passage-suspension,117,hres,760.0,Nay
passage,117,hr,1446.0,Yea
passage,117,hres,473.0,Yea
passage,117,hr,842.0,Yea
passage-suspension,117,hr,239.0,Yea
passage-suspension,117,hr,4531.0,Yea
passage,117,hr,6119.0,Yea
passage,117,sjres,33.0,Yea
passage-suspension,117,hr,1664.0,Yea
passage,117,hr,3985.0,Yea
passage,117,hres,8.0,Yea
passage,117,hres,535.0,Yea
passage,117,hres,851.0,Yea
passage,117,hr,5314.0,Yea
passage-suspension,117,hres,317.0,Yea
passage-suspension,117,hres,837.0,Yea
passage-suspension,117,hr,3894.0,Yea
passage-suspension,117,hr,2355.0,Yea
passage,117,hr,2467.0,Yea
passage-suspension,117,hr,22.0,Yea
passage,117,hres,852.0,Yea
passage,117,hr,5665.0,Yea
passage-suspension,117,hr,2365.0,Yea
passage-suspension,117,hr,5323.0,Yea
passage-suspension,117,hr,2364.0,Yea
passage-suspension,117,hr,3743.0,Yea
passage-suspension,117,hr,1155.0,Yea
passage-suspension,117,hr,3537.0,Yea
passage,117,hr,4373.0,Yea
passage-suspension,117,hr,5290.0,Yea
passage,117,hr,3755.0,Yea
passage-suspension,117,hr,5293.0,Yea
passage-suspension,117,hr,5677.0,Yea
passage-suspension,117,hr,3237.0,Yea
passage-suspension,117,hr,4996.0,Yea
passage-suspension,117,hr,2930.0,Yea
passage-suspension,117,s,272.0,Yea
passage-suspension,117,hr,2278.0,Yea
passage-suspension,117,hr,4616.0,Yea
passage,117,hres,601.0,Yea
passage,117,hr,4350.0,Yea
passage-suspension,117,hr,5679.0,Yea
passage,117,hr,5305.0,Yea
passage-suspension,117,hr,5609.0,Yea
passage,117,hr,4.0,Yea
passage,117,hres,567.0,Yea
passage-suspension,117,hr,172.0,Yea
passage-suspension,117,hr,2877.0,Nay
passage-suspension,117,hr,3469.0,Yea
passage-suspension,117,s,937.0,Yea
passage,117,hres,803.0,Yea
passage-suspension,117,hr,1374.0,Nay
passage-suspension,117,hres,134.0,Yea
passage-suspension,117,hr,2758.0,Yea
passage-suspension,117,hr,3593.0,Yea
passage,117,hres,789.0,Yea
passage,117,hr,2062.0,Yea
passage,117,hres,188.0,Yea
passage-suspension,117,hr,4881.0,Yea
passage-suspension,117,hr,983.0,Yea
passage-suspension,117,hr,1996.0,Yea
passage-suspension,117,hr,3533.0,Yea
passage,117,hres,716.0,Yea
passage,117,hr,1333.0,Yea
passage-suspension,117,hr,1192.0,Yea
passage,117,hr,1195.0,Yea
passage-suspension,117,hr,3919.0,Yea
passage-suspension,117,hr,1762.0,Yea
passage-suspension,117,hr,1490.0,Yea
passage-suspension,117,hr,4032.0,Yea
passage,117,hr,5.0,Yea
passage,117,hr,1573.0,Yea
passage,117,hres,795.0,Yea
passage,117,hr,6.0,Yea
passage-suspension,117,hr,2088.0,Yea
passage,117,sjres,15.0,Yea
passage-suspension,117,hr,2225.0,Yea
passage,117,hr,1.0,Yea
passage-suspension,117,hr,1619.0,Yea
passage,117,hr,256.0,Yea
passage,117,hr,1868.0,Yea
passage-suspension,117,hr,4256.0,Yea
passage-suspension,117,hr,147.0,Yea
passage-suspension,117,hr,2911.0,Yea
passage-suspension,117,hr,1868.0,Yea
passage-suspension,117,hr,391.0,Yea
passage,117,hr,1065.0,Yea
passage,117,hr,5376.0,Yea
passage-suspension,117,hr,4067.0,Yea
passage-suspension,117,hr,446.0,Yea
passage-suspension,117,hr,3635.0,Yea
passage-suspension,117,hr,546.0,Yea
passage-suspension,117,hr,1482.0,Yea
passage-suspension,117,hr,5434.0,Yea
passage-suspension,117,hres,130.0,Yea
passage,117,hr,447.0,Yea
passage,118,hr,2925.0,Nay
passage-suspension,118,hr,7521.0,Nay
passage-suspension,118,s,546.0,Yea
passage-suspension,118,hr,4755.0,Yea
passage-suspension,118,hres,966.0,Yea
passage-suspension,118,hr,4866.0,Yea
passage-suspension,118,hres,149.0,Yea
passage,118,hr,6679.0,Yea
passage,118,hr,4691.0,Nay
passage,118,hr,6918.0,Not Voting
passage,118,hr,8771.0,Nay
passage,118,hjres,98.0,Nay
passage-suspension,118,hr,3250.0,Yea
passage,118,hr,6914.0,Not Voting
passage,118,hr,4639.0,Yea
passage-suspension,118,s,3427.0,Yea
passage-suspension,118,hr,5826.0,Yea
passage,118,hr,8034.0,Nay
passage,118,hr,529.0,Yea
passage-suspension,118,hr,7659.0,Yea
passage-suspension,118,hr,4723.0,Yea
passage-suspension,118,hr,886.0,Yea
passage-suspension,118,hr,6603.0,Nay
passage-suspension,118,hr,5528.0,Yea
passage,118,hr,6678.0,Nay
passage,118,hr,6046.0,Nay
passage,118,hres,969.0,Nay
passage,118,hr,8752.0,Nay
passage,118,hr,5947.0,Nay
passage-suspension,118,hr,2754.0,Yea
passage-suspension,118,s,2051.0,Yea
passage-suspension,118,hr,6543.0,Yea
passage,118,hres,1316.0,Nay
passage,118,hr,8146.0,Nay
passage-suspension,118,hr,3950.0,Yea
passage-suspension,118,hr,2789.0,Yea
passage-suspension,118,hr,2964.0,Yea
passage,118,hr,8580.0,Nay
passage,118,hr,354.0,Nay
passage,118,hres,1243.0,Not Voting
passage-suspension,118,hr,4581.0,Yea
passage-suspension,118,hr,3935.0,Yea
passage-suspension,118,hr,1797.0,Yea
passage,118,hr,5403.0,Not Voting
passage-suspension,118,hr,6960.0,Yea
passage,118,hr,7530.0,Nay
passage-suspension,118,hr,4310.0,Yea
passage-suspension,118,s,138.0,Yea
passage-suspension,118,hr,443.0,Yea
passage-suspension,118,hr,5921.0,Nay
passage-suspension,118,hr,3354.0,Yea
passage,118,hr,8036.0,Yea
passage-suspension,118,hr,4984.0,Yea
passage,118,hres,1143.0,Yea
passage-suspension,118,hr,7463.0,Yea
passage-suspension,118,hr,3843.0,Yea
passage-suspension,118,hr,7219.0,Yea
passage,118,hr,1121.0,Nay
passage,118,hr,6192.0,Nay
passage-suspension,118,hr,3391.0,Yea
passage-suspension,118,hr,5923.0,Yea
passage-suspension,118,hr,2882.0,Yea
veto-override,118,hjres,98.0,Nay
passage-suspension,118,hr,3838.0,Yea
passage,118,hr,3195.0,Nay
passage,118,hr,6009.0,Nay
passage,118,hr,7700.0,Nay
passage-suspension,118,hr,7454.0,Yea
passage,118,hres,1112.0,Nay
passage,118,hr,7511.0,Nay
passage,118,hr,6323.0,Nay
passage-suspension,118,hr,2766.0,Yea
passage-suspension,118,hr,7525.0,Yea
passage-suspension,118,hr,7102.0,Yea
passage,118,hr,8774.0,Nay
passage,118,hres,957.0,Nay
passage-suspension,118,s,3250.0,Yea
passage-suspension,118,hr,897.0,Yea
passage-suspension,118,hr,3033.0,Yea
passage,118,hr,5585.0,Nay
passage,118,hres,1344.0,Nay
passage,118,hres,1065.0,Nay
passage-suspension,118,hr,1767.0,Yea
passage-suspension,118,hr,4143.0,Yea
passage,118,hjres,165.0,Nay
passage-suspension,118,hr,3202.0,Nay
passage-suspension,118,hr,3738.0,Yea
passage-suspension,118,hr,4877.0,Yea
passage-suspension,118,hres,883.0,Nay
passage-suspension,118,hres,288.0,Yea
passage-suspension,118,hr,6655.0,Yea
passage-suspension,118,hr,5441.0,Yea
passage-suspension,118,hr,2872.0,Yea
passage-suspension,118,hr,5862.0,Yea
passage-suspension,118,hres,1102.0,Nay
passage-suspension,118,hr,4824.0,Yea
passage-suspension,118,hr,1752.0,Yea
passage,118,hr,8035.0,Yea
passage-suspension,118,hr,5856.0,Yea
veto-override,118,hjres,109.0,Nay
passage,118,hr,615.0,Nay
passage,118,hr,7109.0,Nay
passage-suspension,118,hr,6093.0,Yea
passage-suspension,118,s,870.0,Yea
passage-suspension,118,hr,4016.0,Yea
passage,118,hr,8772.0,Nay
passage-suspension,118,hr,3019.0,Not Voting
passage,118,hres,1213.0,Nay
passage,118,sjres,38.0,Nay
passage-suspension,118,hr,6571.0,Yea
passage,118,hr,8282.0,Nay
passage-suspension,118,hres,901.0,Not Voting
passage,118,hr,8369.0,Nay
passage-suspension,118,hr,839.0,Yea
passage-suspension,118,hr,6572.0,Nay
passage-suspension,118,hr,5863.0,Not Voting
passage,118,hr,4763.0,Not Voting
passage,118,hr,788.0,Nay
passage-suspension,118,hr,7152.0,Yea
passage,118,hr,7581.0,Nay
passage,118,hr,7343.0,Nay
passage,118,hr,192.0,Not Voting
passage,118,hres,1292.0,Nay
passage-suspension,118,hr,6983.0,Yea
passage-suspension,118,hres,1215.0,Yea
passage-suspension,118,hr,4510.0,Yea
passage,118,hres,1210.0,Nay
passage,118,hjres,109.0,Nay
passage,118,hr,7176.0,Nay
passage,118,hres,1160.0,Yea
passage,118,hr,8038.0,Nay
passage-suspension,118,hr,6544.0,Nay
passage,118,hconres,86.0,Nay
passage,118,hr,7637.0,Nay
passage-suspension,118,hr,8289.0,Yea
passage-suspension,118,hres,1061.0,Yea
passage-suspension,118,hr,7024.0,Yea
passage-suspension,118,hr,6015.0,Yea
passage-suspension,118,hr,2560.0,Yea
passage-suspension,118,hr,4681.0,Yea
passage-suspension,118,hr,7520.0,Yea
passage-suspension,118,hr,3821.0,Yea
passage-suspension,118,hr,7423.0,Yea
passage,118,hr,6090.0,Nay
passage,118,hres,987.0,Nay
passage-suspension,118,hr,5375.0,Not Voting
passage-suspension,118,hr,1836.0,Yea
passage-suspension,118,hr,3602.0,Nay
passage-suspension,118,hr,533.0,Not Voting
passage-suspension,118,hr,5917.0,Yea
passage-suspension,118,hr,7217.0,Nay
passage-suspension,118,s,382.0,Yea
passage-suspension,118,hr,1727.0,Yea
passage-suspension,118,hr,6245.0,Yea
passage-suspension,118,hr,6408.0,Yea
passage,118,hr,6976.0,Nay
passage-suspension,118,hconres,25.0,Yea
passage-suspension,118,hr,4470.0,Yea
passage-suspension,118,hr,3981.0,Yea
passage,118,hjres,88.0,Nay
passage,118,hr,4821.0,Nay
passage,118,hr,4364.0,Nay
passage-suspension,118,hr,302.0,Yea
passage,118,hjres,74.0,Nay
passage,118,hr,382.0,Nay
passage,118,hres,773.0,Yea
passage-suspension,118,hr,1607.0,Yea
passage,118,hconres,21.0,Yea
passage,118,hres,11.0,Nay
passage-suspension,118,hr,663.0,Yea
passage,118,hr,2811.0,Nay
passage-suspension,118,s,475.0,Yea
passage,118,hr,4468.0,Nay
passage-suspension,118,hr,1353.0,Yea
passage,118,hr,4368.0,Nay
passage-suspension,118,hr,1154.0,Yea
passage-suspension,118,hr,1107.0,Yea
passage,118,hr,4665.0,Nay
passage-suspension,118,hr,3774.0,Nay
passage,118,hres,12.0,Nay
passage-suspension,118,hr,753.0,Yea
passage,118,hjres,68.0,Nay
passage,118,hr,26.0,Nay
passage,118,hjres,70.0,Nay
passage,118,hconres,9.0,Nay
passage-suspension,118,hr,2812.0,Yea
passage,118,hres,845.0,Nay
passage,118,hres,456.0,Nay
veto-override,118,hjres,45.0,Nay
passage,118,hres,521.0,Nay
passage-suspension,118,hr,1734.0,Yea
passage-suspension,118,hres,793.0,Yea
passage,118,hr,288.0,Nay
passage,118,hr,3799.0,Nay
passage-suspension,118,hr,2796.0,Yea
passage-suspension,118,hr,3089.0,Yea
passage-suspension,118,hres,888.0,Yea
passage-suspension,118,hres,363.0,Yea
passage-suspension,118,hres,894.0,Present
passage-suspension,118,hr,2792.0,Yea
passage,118,sjres,32.0,Nay
passage-suspension,118,hr,1339.0,Yea
passage,118,hr,2.0,Nay
passage,118,hr,277.0,Nay
passage-suspension,118,hr,1096.0,Yea
veto-override,118,hjres,42.0,Nay
passage,118,hr,467.0,Nay
passage,118,hconres,30.0,Yea
passage,118,hres,878.0,Yea
passage-suspension,118,hr,542.0,Yea
passage-suspension,118,hr,2795.0,Yea
passage,118,hjres,44.0,Nay
passage,118,hr,1615.0,Nay
passage-suspension,118,hr,1548.0,Yea
passage-suspension,118,hr,359.0,Yea
passage,118,hjres,30.0,Nay
passage-suspension,118,hr,346.0,Yea
passage-suspension,118,s,111.0,Yea
passage-suspension,118,hr,300.0,Yea
passage-suspension,118,hres,798.0,Nay
passage,118,hr,4366.0,Nay
passage-suspension,118,hr,3324.0,Yea
passage,118,hr,140.0,Nay
passage-suspension,118,hr,406.0,Yea
passage-suspension,118,hr,1151.0,Yea
passage-suspension,118,hres,927.0,Nay
passage-suspension,118,hr,5860.0,Yea
passage,118,hr,21.0,Nay
passage-suspension,118,hr,500.0,Yea
passage-suspension,118,hr,2379.0,Yea
passage-suspension,118,hres,240.0,Yea
passage,118,hr,6126.0,Nay
passage-suspension,118,hr,159.0,Yea
passage-suspension,118,hr,400.0,Yea
passage,118,hr,2670.0,Nay
passage,118,hr,1147.0,Nay
passage-suspension,118,hr,4502.0,Yea
veto-override,118,hjres,30.0,Nay
passage,118,hr,1.0,Nay
passage-suspension,118,hr,1567.0,Yea
passage,118,sjres,9.0,Nay
passage,118,hr,4394.0,Nay
passage,118,hr,139.0,Nay
passage-suspension,118,hres,559.0,Nay
passage,118,hjres,71.0,Nay
passage,118,hjres,7.0,Nay
passage-suspension,118,hr,1226.0,Yea
passage-suspension,118,hconres,57.0,Yea
passage,118,hr,23.0,Nay
passage,118,hr,4367.0,Nay
passage-suspension,118,hr,5378.0,Yea
passage,118,hr,734.0,Nay
passage,118,hr,4365.0,Nay
passage,118,hres,914.0,Nay
passage-suspension,118,hr,1338.0,Nay
passage,118,hr,5933.0,Nay
passage,118,hr,1435.0,Not Voting
passage-suspension,118,hr,1123.0,Not Voting
passage,118,hres,5.0,Nay
passage-suspension,118,hr,340.0,Nay
passage,118,hres,76.0,Nay
passage,118,hjres,79.0,Nay
passage-suspension,118,hr,813.0,Yea
passage,118,hr,3935.0,Nay
passage-suspension,118,hr,3224.0,Yea
passage,118,hr,5692.0,Yea
passage-suspension,118,hres,90.0,Yea
passage-suspension,118,hres,311.0,Nay
passage-suspension,118,s,112.0,Yea
passage-suspension,118,hr,6503.0,Yea
passage-suspension,118,hr,593.0,Yea
passage-suspension,118,hr,1105.0,Yea
passage-suspension,118,hr,1156.0,Yea
passage-suspension,118,hres,382.0,Yea
passage,118,hr,3564.0,Nay
passage-suspension,118,hr,2793.0,Yea
passage-suspension,118,hr,3672.0,Yea
passage-suspension,118,hr,1076.0,Yea
passage,118,hr,5961.0,Nay
passage-suspension,118,hr,1606.0,Yea
passage,118,hres,461.0,Nay
passage-suspension,118,hr,2797.0,Not Voting
passage,118,hr,1640.0,Nay
passage-suspension,118,hr,1530.0,Yea
passage-suspension,118,hr,676.0,Yea
passage-suspension,118,hr,6363.0,Yea
passage-suspension,118,hr,1715.0,Yea
passage-suspension,118,hr,1547.0,Yea
passage,118,sjres,11.0,Nay
passage-suspension,118,hr,1669.0,Yea
passage-suspension,118,hr,3099.0,Yea
passage-suspension,118,hr,5110.0,Yea
passage,118,hjres,45.0,Nay
veto-override,118,hjres,39.0,Nay
passage-suspension,118,hr,3848.0,Yea
passage,118,hjres,39.0,Nay
passage-suspension,118,hr,1149.0,Yea
passage,118,hres,757.0,Yea
passage-suspension,118,hr,589.0,Yea
passage,118,hjres,27.0,Nay
passage-suspension,118,hr,5524.0,Yea
passage-suspension,118,hr,5119.0,Yea
passage-suspension,118,hr,1159.0,Yea
passage-suspension,118,hr,3152.0,Yea
passage-suspension,118,hres,771.0,Present
veto-override,118,hjres,27.0,Nay
passage,118,hconres,3.0,Nay
passage-suspension,118,hres,132.0,Yea
passage,118,hjres,24.0,Nay
passage,118,hr,185.0,Nay
passage-suspension,118,hr,2670.0,Nay
passage,118,hr,5525.0,Nay
passage,118,hr,3941.0,Nay
passage-suspension,118,hr,2365.0,Yea
passage,118,sjres,24.0,Nay
passage-suspension,118,s,788.0,Yea
passage-suspension,118,hr,1093.0,Yea
passage,118,hjres,42.0,Nay
passage,118,s,619.0,Yea
passage-suspension,118,hr,4531.0,Yea
passage-suspension,118,hres,492.0,Yea
passage-suspension,118,hres,104.0,Yea
passage-suspension,118,hconres,7.0,Yea
passage,118,hjres,26.0,Nay
passage-suspension,118,hr,538.0,Yea
passage,118,hr,22.0,Nay
passage-suspension,119,hr,43.0,Yea
passage,119,hr,30.0,Nay
passage-suspension,119,hr,153.0,Yea
passage-suspension,119,hr,187.0,Yea
passage,119,hr,35.0,Nay
passage-suspension,119,hr,186.0,Yea
passage,119,hr,21.0,Nay
passage-suspension,119,hr,776.0,Yea
passage,119,hres,5.0,Nay
passage,119,hr,27.0,Nay
passage,119,hr,26.0,Nay
passage-suspension,119,hr,164.0,Yea
passage-suspension,119,hr,144.0,Yea
passage-suspension,119,hr,165.0,Yea
passage,119,hr,471.0,Nay
passage-suspension,119,hr,375.0,Yea
passage,119,s,5.0,Nay
passage,119,hr,33.0,Yea
passage,119,hr,28.0,Nay
passage,119,hr,77.0,Nay
passage,119,hr,29.0,Nay
passage-suspension,119,hr,192.0,Yea
passage-suspension,119,hr,152.0,Yea
passage,119,hr,23.0,Nay
passage-suspension,119,hr,736.0,Yea
passage-suspension,119,hr,692.0,Yea
